年份,代码,院校名称,"专业
编号",专业/类,选科,最高分,最低分,"最低分
平均排位",专业组,学院部,平均分,"录取
人数",备注
2024,18213,哈尔滨工业大学(深圳),5,经济管理试验班,历,623.0,613,1612.0,201,,,16.0,经济学、会计学(大数据会计)
2024,18213,哈尔滨工业大学(深圳),4,建筑类(智慧人居)(5年),历,617.0,610,1871.0,201,,,10.0,建筑学、城乡规划
2024,18213,哈尔滨工业大学(深圳),6,数字媒体艺术,历,616.0,610,1871.0,201,,,15.0,
2024,10007,北京理工大学,12,社会科学试验班(人文社科),历,,613,1612.0,201,,,6.0,法学、社会工作、法学(含AI双学位)、英语、日语、德语、西班牙语
2024,10007,北京理工大学,11,社会科学试验班(管理与经济),历,,611,1781.0,201,,,14.0,经济学、国际经济与贸易、国际经济与贸易(含数字金融、数字贸易)、工商管理、工商管理(含AI双学位)
2024,10286,东南大学,9,文科试验班类(郭秉文班),历,623.0,620,1109.0,201,,,3.0,社会学、汉语言文学、旅游管理、哲学、法学、艺术史论
2024,10286,东南大学,8,文科试验班类(数智经济与智能管理),历,620.0,618,1236.0,201,,,4.0,金融学、经济学、国际经济与贸易、会计学、电子商务、工商管理、物流管理
2024,10286,东南大学,10,英语,历,618.0,617,1315.0,201,,,2.0,
2024,10247,同济大学,9,法学,历,640.0,632,493.0,201,,,2.0,
2024,10247,同济大学,8,人文科学试验班,历,632.0,630,571.0,201,,,6.0,传播学、德语、英语、日语、哲学、文化产业管理、汉语言文学
2024,10055,南开大学,1,外国语言文学类,历,620.0,612,1699.0,101,,,7.0,英语、俄语、法语、西班牙语、日语、意大利语、翻译(英、德、葡、阿)
2024,10055,南开大学,8,金融学类,历,639.0,630,571.0,201,,,2.0,金融学、保险学(保险与精算)
2024,10055,南开大学,7,经济学类,历,644.0,628,655.0,201,,,9.0,经济学、国际经济与贸易、财政学、商务经济学
2024,10055,南开大学,10,工商管理类(未来商业领导者计划),历,635.0,628,655.0,201,,,4.0,工商管理、人力资源管理、财务管理、会计学、会计学(国际会计)、市场营销、物流管理、图书馆学、档案学、旅游管理、会展经济与管理
2024,10055,南开大学,9,中国语言文学类,历,635.0,627,701.0,201,,,7.0,汉语言文学、汉语国际教育、新闻学、网络与新媒体、网络与新媒体(出版与智能传播)
2024,10055,南开大学,5,历史学类,历,635.0,627,701.0,201,,,7.0,历史学、世界史、考古学
2024,10055,南开大学,6,哲学类,历,627.0,627,701.0,201,,,1.0,哲学、逻辑学
2024,10614,电子科技大学,3,社会科学试验班,历,603.0,603,2639.0,201,,,3.0,行政管理、城市管理、法学
2024,10614,电子科技大学,4,外国语言文学类,历,602.0,600,2996.0,201,,,3.0,英语、日语、法语、翻译
2024,10698,西安交通大学,11,法学试验班,历,622.0,620,1109.0,201,,,3.0,法学(卓越复合班)、国际经贸规则(丝路国际班)
2024,10698,西安交通大学,9,文科试验班类,历,620.0,616,1385.0,201,,,4.0,哲学、社会学、汉语言文学
2024,10698,西安交通大学,12,网络与新媒体,历,615.0,615,1455.0,201,,,2.0,
2024,10698,西安交通大学,10,外国语言文学类,历,615.0,614,1531.0,201,,,2.0,英语、英语(语言数据)、英语(英法)
2024,10698,西安交通大学,13,公共管理类,历,614.0,614,1531.0,201,,,2.0,行政管理、劳动与社会保障
2024,10027,北京师范大学,2,日语,历,634.0,626,750.0,101,,,2.0,
2024,10027,北京师范大学,1,俄语,历,617.0,615,1455.0,101,,,2.0,
2024,10027,北京师范大学,3,特殊教育(国家公费师范生),历,609.0,598,3242.0,102,,,2.0,公师
2024,10027,北京师范大学,17,汉语言文学,历,648.0,644,214.0,201,,,3.0,
2024,10027,北京师范大学,22,历史学类,历,643.0,641,251.0,201,,,2.0,历史学、考古学
2024,10027,北京师范大学,16,法学(卓越实验班),历,640.0,639,292.0,201,,,2.0,
2024,10027,北京师范大学,20,教育学类,历,639.0,639,292.0,201,,,2.0,教育学、学前教育、特殊教育、教育技术学
2024,10027,北京师范大学,19,社会学,历,641.0,638,317.0,201,,,2.0,“社会学-心理学”双学士学位
2024,10027,北京师范大学,21,公共管理类,历,637.0,637,346.0,201,,,2.0,公共事业管理、人力资源管理、信息管理与信息系统(大数据治理)
2024,10027,北京师范大学,15,哲学,历,638.0,636,373.0,201,,,3.0,
2024,10027,北京师范大学,18,戏剧影视文学,历,631.0,623,914.0,211,,,2.0,
2024,10699,西北工业大学,3,经济与贸易类,历,604.0,601,2945.0,201,,,5.0,国际经济与贸易、法学、行政管理
2024,10699,西北工业大学,2,工商管理类,历,602.0,600,3046.0,201,,,5.0,工商管理、会计学、市场营销
2024,10699,西北工业大学,4,外国语言文学类,历,599.0,599,3181.0,201,,,4.0,英语、德语
2024,10269,华东师范大学,7,汉语言文学,历,632.0,625,803.0,201,,,2.0,
2024,10269,华东师范大学,13,新闻传播学类,历,618.0,615,1455.0,201,,,2.0,新闻学、编辑出版学
2024,10269,华东师范大学,15,法学,历,623.0,613,1612.0,201,,,2.0,“法学-心理学”双学士学位
2024,10269,华东师范大学,14,法学,历,621.0,613,1612.0,201,,,2.0,
2024,10269,华东师范大学,10,金融学类,历,615.0,612,1699.0,201,,,2.0,金融学、经济学
2024,10269,华东师范大学,9,英语,历,613.0,612,1699.0,201,,,2.0,
2024,10269,华东师范大学,8,汉语国际教育,历,612.0,612,1699.0,201,,,1.0,
2024,10269,华东师范大学,11,工商管理类,历,612.0,612,1699.0,201,,,2.0,工商管理、会计学
2024,10269,华东师范大学,16,教育学类(师范),历,612.0,611,1781.0,201,,,2.0,普师
2024,10269,华东师范大学,12,工商管理,历,612.0,611,1781.0,201,,,2.0,智能商业实验班
2024,10141,大连理工大学,8,公共事业管理,历,597.0,590,4440.0,201,,,5.0,公共事业管理、知识产权
2024,10141,大连理工大学,5,新闻传播学类,历,604.0,590,4440.0,201,,,6.0,广播电视学、汉语言文学
2024,10141,大连理工大学,7,建筑类,历,594.0,589,4599.0,201,,,6.0,建筑学、城乡规划、工业设计
2024,10141,大连理工大学,9,哲学类,历,597.0,589,4599.0,201,,,3.0,哲学
2024,10141,大连理工大学,6,英语,历,590.0,588,4757.0,201,,,5.0,英语、翻译
2024,10486,武汉大学,1,马克思主义理论,历+政,,630,593.0,101,,,4.0,
2024,10486,武汉大学,18,法学,历,,643,240.0,201,,,9.0,
2024,10486,武汉大学,19,文科试验班类(弘毅学堂),历,,640,280.0,201,,,6.0,汉语言文学、历史学、哲学、法学、新闻学、心理学、国际经济与贸易、金融学、经济学
2024,10486,武汉大学,16,经济学类,历,,637,360.0,201,,,6.0,经济学(基地班)、国际经济与贸易、金融学(含国际金融试验班)、保险学(含精算试验班)、财政学、金融工程
2024,10486,武汉大学,13,中国语言文学类,历,,637,360.0,201,,,6.0,汉语言文学、汉语国际教育
2024,10486,武汉大学,14,历史学类,历,,633,478.0,201,,,4.0,历史学、世界史、考古学
2024,10486,武汉大学,15,外国语言文学类,历,,633,478.0,201,,,6.0,英语、法语、德语、日语、西班牙语、俄语、翻译
2024,10486,武汉大学,17,新闻传播学类,历,,631,548.0,201,,,8.0,新闻学、广播电视学、广告学、传播学
2024,10056,天津大学,3,建筑类(5年),历,611.0,603,2639.0,201,,,13.0,建筑学、城乡规划、风景园林
2024,10056,天津大学,4,建筑学(中外合作办学)(5年),历,602.0,597,3363.0,202,,,5.0,中外合作
2024,10558,中山大学,45,汉语言文学(广州),历,646.0,636,385.0,201,,,20.0,
2024,10558,中山大学,46,历史学(广州),历,635.0,628,679.0,201,,,17.0,
2024,10558,中山大学,47,哲学类(广州),历,643.0,627,722.0,201,,,14.0,哲学、逻辑学
2024,10558,中山大学,56,汉语言文学(珠海),历,635.0,625,828.0,201,,,33.0,
2024,10558,中山大学,57,历史学(珠海),历,625.0,620,1152.0,201,,,39.0,
2024,10558,中山大学,58,哲学(珠海),历,627.0,618,1274.0,201,,,33.0,
2024,10558,中山大学,61,国际政治,历+政,632.0,617,1354.0,202,,,20.0,
2024,10558,中山大学,52,公共管理类,历+政,626.0,617,1354.0,202,,,32.0,行政管理、政治学与行政学
2024,10558,中山大学,51,法学,历,650.0,636,385.0,216,,,28.0,
2024,10558,中山大学,54,新闻传播学类,历,636.0,618,1274.0,216,,,28.0,新闻学、传播学
2024,10558,中山大学,48,社会学类,历,631.0,618,1274.0,216,,,36.0,社会学、人类学、考古学
2024,10558,中山大学,50,外国语言文学类(广州),历,632.0,617,1354.0,216,,,39.0,英语、德语、法语、日语
2024,10558,中山大学,55,图书情报与档案管理类,历,620.0,617,1354.0,216,,,9.0,图书馆学、档案学
2024,10558,中山大学,60,外国语言文学类(珠海),历,618.0,615,1494.0,216,,,35.0,英语、阿拉伯语、西班牙语、朝鲜语、俄语
2024,10558,中山大学,49,经济学类(广州),历,643.0,634,442.0,217,,,10.0,经济学、金融学
2024,10558,中山大学,53,工商管理类(广州),历,643.0,628,679.0,217,,,55.0,工商管理、会计学
2024,10558,中山大学,63,经济学(深圳),历,633.0,622,1020.0,217,,,50.0,
2024,10558,中山大学,59,经济学类(珠海),历,629.0,621,1065.0,217,,,60.0,经济学、金融学
2024,10558,中山大学,64,工商管理(深圳),历,628.0,621,1065.0,217,,,20.0,
2024,10558,中山大学,62,旅游管理类,历,621.0,620,1152.0,217,,,11.0,旅游管理、会展经济与管理、酒店管理
2024,19213,哈尔滨工业大学(威海),3,经济管理试验班,历,609.0,602,2757.0,201,,,5.0,信息管理与信息系统、大数据管理与应用、会计学
2024,10487,华中科技大学,20,新闻传播学类,历,,617,1315.0,202,,,3.0,新闻学、广播电视学、广告学
2024,10487,华中科技大学,16,法学,历,,613,1612.0,202,,,2.0,
2024,10487,华中科技大学,15,工商管理类,历,,613,1612.0,202,,,5.0,工商管理、会计学、市场营销
2024,10487,华中科技大学,19,外国语言文学类,历,,611,1781.0,202,,,2.0,英语(含国商辅修学位)、翻译、日语、德语、法语
2024,10487,华中科技大学,21,国际商务,历,,610,1871.0,202,,,5.0,
2024,10487,华中科技大学,18,公共管理类,历,,609,1964.0,202,,,4.0,公共事业管理、行政管理、公共事业管理(卫生事业管理)
2024,10487,华中科技大学,14,建筑类(5年),历,,609,1964.0,202,,,2.0,建筑学、城乡规划、风景园林
2024,10487,华中科技大学,17,哲学,历,,609,1964.0,202,,,2.0,
2024,10533,中南大学,13,法学类,历,,610,1871.0,201,,,7.0,社会学、法学
2024,10533,中南大学,14,中国语言文学类,历,,608,2052.0,201,,,9.0,汉语言文学、数字出版
2024,10533,中南大学,12,金融学类(经济管理类),历,,607,2159.0,201,,,6.0,国际经济与贸易、金融学、工商管理、会计学、行政管理
2024,10533,中南大学,15,外国语言文学类,历,,606,2290.0,201,,,9.0,英语、法语、日语、西班牙语
2024,10384,厦门大学,20,法学类,历,634.0,630,571.0,201,,,3.0,法学
2024,10384,厦门大学,16,人文科学试验班,历,630.0,626,750.0,201,,,3.0,汉语言文学、汉语言、历史学、考古学、哲学、戏剧影视文学
2024,10384,厦门大学,17,新闻传播学类,历,627.0,622,984.0,201,,,2.0,新闻学、广告学、传播学、国际新闻与传播
2024,10384,厦门大学,21,社会学类,历,621.0,621,1043.0,201,,,2.0,社会学、人类学
2024,10384,厦门大学,24,工商管理类,历,618.0,618,1236.0,201,,,1.0,人力资源管理、工商管理、市场营销(含数智营销)、旅游管理
2024,10384,厦门大学,18,外国语言文学类,历,625.0,616,1385.0,201,,,5.0,英语、日语、法语、俄语、德语、西班牙语
2024,10384,厦门大学,19,外国语言文学类(外国语言文学类+会计学/财务管理),历,621.0,616,1385.0,201,,,3.0,英语(+会计/财务)、日语(+会计/财务)、法语(+会计/财务)、俄语(+会计/财务)、德语(+会计/财务)、西班牙语(+会计/财务)
2024,10384,厦门大学,23,会计学(含会计学、财务管理、审计学),历,636.0,635,398.0,202,,,2.0,
2024,10384,厦门大学,22,经济学类,历,632.0,630,571.0,202,,,2.0,金融学、财政学、税收学、国际经济与贸易、经济学
2024,10384,厦门大学,28,会计学(厦门大学马来西亚分校招生专业),历,609.0,597,3363.0,203,,,2.0,
2024,10384,厦门大学,27,金融学(厦门大学马来西亚分校招生专业),历,597.0,597,3363.0,203,,,2.0,
2024,10384,厦门大学,25,汉语言文学(厦门大学马来西亚分校招生专业),历,603.0,596,3484.0,203,,,2.0,
2024,10384,厦门大学,29,英语(厦门大学马来西亚分校招生专业),历,593.0,593,3949.0,203,,,2.0,
2024,10384,厦门大学,26,新闻学(厦门大学马来西亚分校招生专业),历,592.0,590,4440.0,203,,,3.0,
2024,19027,北京师范大学(珠海校区),1,汉语言文学(国家公费师范生),历,629.0,608,2052.0,102,,,32.0,公师
2024,19027,北京师范大学(珠海校区),3,历史学(国家公费师范生),历,630.0,607,2159.0,102,,,10.0,公师
2024,19027,北京师范大学(珠海校区),2,英语(国家公费师范生),历,620.0,607,2159.0,102,,,13.0,公师
2024,19027,北京师范大学(珠海校区),4,思想政治教育(国家公费师范生),历+政,637.0,605,2413.0,103,,,32.0,公师
2024,19027,北京师范大学(珠海校区),16,人文科学试验班,历,634.0,622,984.0,201,,,50.0,汉语言文学、英语、历史学
2024,19027,北京师范大学(珠海校区),17,社会科学试验班,历,623.0,620,1109.0,201,,,10.0,经济学(数据科学)、金融科技
2024,10611,重庆大学,7,汉语言文学(博雅类),历,610.0,609,1964.0,201,,,3.0,中文、历史、哲学
2024,10611,重庆大学,8,人文科学试验班(法学新闻类),历,608.0,608,2052.0,201,,,3.0,法学、新闻学、广播电视学
2024,10611,重庆大学,6,马克思主义理论,历+政,606.0,606,2290.0,202,,,2.0,
2024,10611,重庆大学,9,戏剧与影视学类,历,591.0,576,7168.0,211,,,8.0,广播电视编导、戏剧影视文学、戏剧影视导演
2024,10272,上海财经大学,8,商务英语,历,611.0,605,2413.0,201,,,3.0,
2024,10272,上海财经大学,9,法学,历,626.0,617,1315.0,202,,,3.0,“法学-金融学”双学士学位
2024,10272,上海财经大学,3,会计学,历,615.0,615,1455.0,202,,,1.0,
2024,10272,上海财经大学,5,金融学,历,619.0,615,1455.0,202,,,5.0,
2024,10272,上海财经大学,6,工商管理类,历,613.0,613,1612.0,202,,,2.0,工商管理(商务分析)、工商管理(战略与创新创业)、人力资源管理、市场营销
2024,10272,上海财经大学,4,财务管理,历,618.0,613,1612.0,202,,,3.0,培养智能化人才
2024,10272,上海财经大学,7,投资学,历,616.0,612,1699.0,202,,,4.0,
2024,10610,四川大学,68,法学,历,,617,1315.0,201,,,4.0,
2024,10610,四川大学,69,人文科学试验班(中文与新闻传播),历,,613,1612.0,201,,,6.0,汉语言文学、汉语国际教育、新闻学、广告学、网络与新媒体
2024,10610,四川大学,70,工商管理类,历,,611,1781.0,201,,,4.0,市场营销、人力资源管理、财务管理、会计学(ACCA)
2024,10610,四川大学,67,经济学类,历,,610,1871.0,201,,,5.0,国际经济与贸易、经济学、国民经济管理、财政学
2024,10034,中央财经大学,5,财政学类,历,625.0,619,1175.0,201,,,6.0,财政学、税收学、资产评估、财政学(财政基础理论基地班)、税收学(全球税收治理菁英班)
2024,10034,中央财经大学,7,工商管理类(会计学院),历,622.0,618,1236.0,201,,,3.0,会计学、财务管理
2024,10034,中央财经大学,6,金融学,历,628.0,616,1385.0,201,,,4.0,北京外国语大学英语专业联培
2024,10034,中央财经大学,9,经济学类,历,618.0,612,1699.0,201,,,4.0,经济学、国民经济管理
2024,10034,中央财经大学,12,法学,历,619.0,612,1699.0,201,,,4.0,
2024,10034,中央财经大学,8,经济与贸易类,历,613.0,611,1781.0,201,,,2.0,国际经济与贸易、国际经济与贸易(国际贸易、应统双学位项目)、国际商务、贸易经济
2024,10034,中央财经大学,14,汉语言文学,历,610.0,610,1871.0,201,,,1.0,
2024,10034,中央财经大学,10,工商管理类(商学院),历,633.0,610,1871.0,201,,,2.0,工商管理、市场营销(大数据营销)、人力资源管理、供应链管理、供应链管理(供应链、经统双学位项目)
2024,10034,中央财经大学,11,公共管理类,历,609.0,609,1964.0,201,,,3.0,行政管理、公共事业管理、城市管理
2024,10034,中央财经大学,13,社会学类,历,608.0,608,2052.0,201,,,2.0,社会学(经济社会学)、社会工作(金融领域)
2024,10008,北京科技大学,6,外国语言文学类,历,595.0,593,3949.0,201,,,2.0,英语、日语、德语
2024,10008,北京科技大学,5,社会科学试验班,历,598.0,597,3363.0,202,,,2.0,法学、行政管理、社会工作(社会管理)
2024,10008,北京科技大学,4,工商管理类(数智管理与经济试验班),历,597.0,596,3484.0,203,,,2.0,工商管理、会计学、国际经济与贸易
2024,10036,对外经济贸易大学,1,法语,历,610.0,606,2359.0,101,,,3.0,“国际经济与贸易-法语”双学士学位项目
2024,10036,对外经济贸易大学,4,西班牙语,历,606.0,603,2695.0,101,,,3.0,“国际经济与贸易-西班牙语”双学士学位项目
2024,10036,对外经济贸易大学,3,日语,历,601.0,600,3046.0,101,,,3.0,“国际经济与贸易-日语”双学士学位项目
2024,10036,对外经济贸易大学,2,德语,历,605.0,599,3181.0,101,,,4.0,
2024,10036,对外经济贸易大学,5,葡萄牙语,历,610.0,599,3181.0,101,,,3.0,
2024,10036,对外经济贸易大学,15,法学类,历,627.0,620,1152.0,202,,,7.0,法学、法学(与大数据双学士学位项目)、法学(涉外型卓越经贸法律人才实验班)
2024,10036,对外经济贸易大学,12,国际经济与贸易(国际组织人才基地班),历,622.0,618,1274.0,202,,,2.0,“国际经济与贸易-法学”双学士学位
2024,10036,对外经济贸易大学,10,金融学类,历,616.0,609,2005.0,202,,,5.0,金融学、金融学(国际金融与市场)、经济与金融、投资学、保险学
2024,10036,对外经济贸易大学,11,经济学类,历,616.0,609,2005.0,202,,,5.0,国际经济与贸易、财政学、税收学
2024,10036,对外经济贸易大学,13,供应链管理,历,610.0,607,2219.0,202,,,3.0,“供应链管理-金融学”双学士学位
2024,10036,对外经济贸易大学,14,工商管理类,历,618.0,606,2359.0,202,,,10.0,会计学、财务管理、人力资源管理、市场营销、工商管理、会计学(与北邮计算机联合学士学位培养项目)、会计学(与北邮金科联合学士学位培养项目)
2024,10036,对外经济贸易大学,16,外国语言文学类,历,606.0,605,2466.0,202,,,3.0,商务英语(含与金融学、法学、会计学双学士学位项目)、翻译(含与金融学、法学、会计学双学士学位项目)、英语(含与金融学、法学、会计学双学士学位项目)
2024,10036,对外经济贸易大学,17,国际经济发展合作,历,606.0,605,2466.0,202,,,3.0,
2024,10053,中国政法大学,1,侦查学(网络犯罪侦查),历+政,615.0,609,1964.0,101,,,5.0,
2024,10053,中国政法大学,14,翻译(法律翻译实验班),历,620.0,612,1699.0,201,,,2.0,
2024,10053,中国政法大学,13,英语(法律英语实验班),历,615.0,611,1781.0,201,,,3.0,
2024,10053,中国政法大学,15,德语(法律德语实验班),历,611.0,605,2413.0,202,,,2.0,
2024,10053,中国政法大学,8,法学(法学人才培养模式改革实验班),历,648.0,639,292.0,203,,,7.0,
2024,10053,中国政法大学,25,法学(纪检监察实验班),历,638.0,638,317.0,203,,,2.0,
2024,10053,中国政法大学,9,法学(涉外法治人才培养实验班),历,638.0,638,317.0,203,,,3.0,
2024,10053,中国政法大学,10,社会学,历,614.0,614,1531.0,203,,,1.0,
2024,10053,中国政法大学,17,网络与新媒体,历,614.0,614,1531.0,203,,,1.0,
2024,10053,中国政法大学,7,法学,历,638.0,613,1612.0,203,,,31.0,
2024,10053,中国政法大学,12,汉语言文学,历,615.0,611,1781.0,203,,,3.0,
2024,10053,中国政法大学,18,应用心理学,历,610.0,610,1871.0,203,,,1.0,
2024,10053,中国政法大学,20,行政管理,历,613.0,610,1871.0,203,,,4.0,
2024,10053,中国政法大学,11,社会工作,历,610.0,609,1964.0,203,,,2.0,
2024,10053,中国政法大学,6,哲学(拔尖创新人才培养实验班),历,610.0,608,2052.0,203,,,3.0,
2024,10053,中国政法大学,16,新闻学,历,607.0,607,2159.0,203,,,1.0,
2024,10053,中国政法大学,21,公共事业管理,历,606.0,606,2290.0,203,,,1.0,
2024,10053,中国政法大学,19,工商管理,历,609.0,606,2290.0,203,,,4.0,
2024,10053,中国政法大学,24,政治学与行政学,历+政,614.0,609,1964.0,204,,,3.0,
2024,10053,中国政法大学,23,国际政治,历+政,612.0,608,2052.0,204,,,3.0,
2024,10053,中国政法大学,22,思想政治教育,历+政,620.0,608,2052.0,204,,,2.0,
2024,10561,华南理工大学,38,法学(卓越法律班),历,630.0,619,1175.0,201,,,5.0,
2024,10561,华南理工大学,40,经济学(创新班),历,618.0,615,1455.0,201,,,5.0,
2024,10561,华南理工大学,39,法学类,历,621.0,614,1531.0,201,,,42.0,法学、知识产权
2024,10561,华南理工大学,34,工商管理类,历,619.0,608,2052.0,201,,,20.0,工商管理、人力资源管理、市场营销、财务管理
2024,10561,华南理工大学,41,经济学类,历,614.0,608,2052.0,201,,,54.0,经济学、金融学、国际经济与贸易
2024,10561,华南理工大学,37,新闻传播学类,历,614.0,607,2159.0,201,,,35.0,新闻学、传播学、广告学
2024,10561,华南理工大学,36,商务英语,历,611.0,606,2290.0,201,,,16.0,
2024,10561,华南理工大学,42,旅游管理类,历,607.0,606,2290.0,201,,,10.0,旅游管理、会展经济与管理
2024,10561,华南理工大学,35,行政管理,历,608.0,606,2290.0,201,,,12.0,
2024,10019,中国农业大学,6,国际经济与贸易(中外合作办学),历,594.0,590,4523.0,201,,,2.0,中外合作
2024,10019,中国农业大学,7,传播学(中外合作办学),历,585.0,584,5594.0,201,,,2.0,中外合作
2024,10019,中国农业大学,8,农林经济管理(中外合作办学),历,593.0,583,5801.0,201,,,2.0,中外合作
2024,10422,山东大学,1,马克思主义理论,历+政,608.0,608,2052.0,101,,,2.0,
2024,10422,山东大学,19,中国语言文学类,历,624.0,612,1699.0,201,,,2.0,汉语言文学
2024,10422,山东大学,22,考古学,历,612.0,610,1871.0,201,,,2.0,
2024,10422,山东大学,21,历史学类,历,610.0,609,1964.0,201,,,2.0,历史学、档案学
2024,10422,山东大学,25,汉语国际教育,历,611.0,607,2159.0,201,,,2.0,
2024,10422,山东大学,16,哲学类,历,607.0,607,2159.0,201,,,2.0,哲学、宗教学
2024,10422,山东大学,24,新闻传播学类,历,607.0,606,2290.0,201,,,2.0,新闻学、国际新闻与传播
2024,10422,山东大学,17,社会学类,历,607.0,606,2290.0,201,,,2.0,社会学、社会工作、人类学
2024,10422,山东大学,26,法学类,历,611.0,606,2290.0,201,,,2.0,法学
2024,10422,山东大学,18,经济学类,历,606.0,605,2413.0,201,,,4.0,经济学、财政学、金融学、国际经济与贸易
2024,10422,山东大学,20,外国语言文学类,历,609.0,604,2525.0,201,,,4.0,英语、俄语(俄英双语)、德语、法语、西班牙语、日语、朝鲜语(朝英双语)、翻译
2024,10422,山东大学,27,公共管理类,历,604.0,604,2525.0,201,,,2.0,行政管理
2024,10422,山东大学,23,工商管理类,历,608.0,603,2639.0,201,,,6.0,工商管理、会计学
2024,10217,哈尔滨工程大学,1,法学,历,582.0,582,5988.0,201,,,1.0,
2024,10217,哈尔滨工程大学,2,工商管理,历,576.0,575,7528.0,201,,,2.0,
2024,10040,外交学院,1,英语(国际传播),历,608.0,608,2006.0,101,,,1.0,
2024,10040,外交学院,3,法学,历,618.0,618,1198.0,102,,,1.0,
2024,10040,外交学院,2,法语,历,607.0,606,2220.0,102,,,2.0,
2024,10040,外交学院,4,国际事务与国际关系,历+政,618.0,606,2220.0,103,,,3.0,
2024,10041,中国人民公安大学,3,侦查学,历+政,615.0,592,4189.0,101,,,13.0,男
2024,10041,中国人民公安大学,1,治安学,历+政,617.0,586,5198.0,101,,,13.0,男
2024,10041,中国人民公安大学,2,治安学(警察法学),历+政,601.0,583,5801.0,101,,,5.0,男
2024,10041,中国人民公安大学,8,警务指挥与战术,历+政,590.0,581,6198.0,101,,,6.0,男
2024,10041,中国人民公安大学,6,公安管理学,历+政,615.0,579,6596.0,101,,,10.0,男
2024,10041,中国人民公安大学,9,公安政治工作,历+政,585.0,578,6832.0,101,,,4.0,男
2024,10041,中国人民公安大学,5,犯罪学,历+政,604.0,574,7758.0,101,,,11.0,男
2024,10041,中国人民公安大学,4,公安情报学,历+政,578.0,573,7989.0,101,,,10.0,男
2024,10041,中国人民公安大学,10,移民管理,历+政,577.0,570,8754.0,101,,,5.0,男
2024,10041,中国人民公安大学,7,涉外警务,历+政,607.0,575,7528.0,102,,,10.0,男
2024,10041,中国人民公安大学,16,公安管理学,历+政,640.0,636,385.0,103,,,2.0,女
2024,10041,中国人民公安大学,12,治安学(警察法学),历+政,636.0,636,385.0,103,,,1.0,女
2024,10041,中国人民公安大学,11,治安学,历+政,632.0,632,507.0,103,,,1.0,女
2024,10041,中国人民公安大学,13,侦查学,历+政,628.0,627,722.0,103,,,2.0,女
2024,10041,中国人民公安大学,18,公安政治工作,历+政,622.0,622,1020.0,103,,,1.0,女
2024,10041,中国人民公安大学,14,公安情报学,历+政,620.0,618,1274.0,103,,,2.0,女
2024,10041,中国人民公安大学,15,犯罪学,历+政,618.0,618,1274.0,103,,,1.0,女
2024,10041,中国人民公安大学,17,涉外警务,历+政,648.0,639,302.0,104,,,2.0,女
2024,10041,中国人民公安大学,19,侦查学(面向生源地国家移民管理机构入警就业),历+政,611.0,574,7758.0,115,,,2.0,男
2024,10041,中国人民公安大学,20,公安情报学(面向生源地国家移民管理机构入警就业),历+政,580.0,570,8754.0,115,,,3.0,男
2024,10041,中国人民公安大学,21,移民管理(面向生源地国家移民管理机构入警就业),历+政,588.0,569,9000.0,115,,,6.0,男
2024,10041,中国人民公安大学,24,公安政治工作(面向生源地铁路公安机关入警就业),历+政,571.0,569,9000.0,115,,,2.0,男
2024,10041,中国人民公安大学,23,移民管理(面向生源地国家移民管理机构入警就业),历+政,631.0,631,548.0,116,,,1.0,女
2024,10041,中国人民公安大学,22,侦查学(面向生源地国家移民管理机构入警就业),历+政,628.0,628,679.0,116,,,1.0,女
2024,10532,湖南大学,18,广播电视编导,历,599.0,598,3242.0,201,,,2.0,
2024,10532,湖南大学,6,人文科学试验班,历,624.0,623,914.0,202,,,2.0,汉语言文学、历史学
2024,10532,湖南大学,7,哲学,历,615.0,615,1455.0,202,,,1.0,
2024,10532,湖南大学,10,法学,历,617.0,614,1531.0,202,,,3.0,
2024,10532,湖南大学,11,汉语言文学,历,617.0,614,1531.0,202,,,5.0,
2024,10532,湖南大学,16,行政管理,历,613.0,613,1612.0,202,,,1.0,
2024,10532,湖南大学,9,国际经济与贸易,历,612.0,612,1699.0,202,,,1.0,实验班
2024,10532,湖南大学,14,历史学,历,613.0,612,1699.0,202,,,3.0,
2024,10532,湖南大学,12,英语,历,612.0,612,1699.0,202,,,1.0,
2024,10532,湖南大学,8,保险学,历,612.0,611,1781.0,202,,,3.0,风险管理实验班
2024,10532,湖南大学,17,城市管理,历,610.0,610,1871.0,202,,,2.0,
2024,10532,湖南大学,15,工商管理,历,610.0,610,1871.0,202,,,2.0,
2024,10532,湖南大学,13,新闻传播学类,历,611.0,610,1871.0,202,,,4.0,新闻学、广告学
2024,10251,华东理工大学,5,法学,历,594.0,591,4273.0,201,,,2.0,
2024,10251,华东理工大学,4,公共管理类,历,605.0,588,4757.0,201,,,4.0,社会学、社会工作、公共事业管理、行政管理、劳动与社会保障
2024,10030,北京外国语大学,31,英语(中国政法大学联合培养涉外法治人才),历,631.0,631,528.0,201,,,1.0,
2024,10030,北京外国语大学,30,英语,历,628.0,628,655.0,201,,,1.0,
2024,10030,北京外国语大学,33,英语(外语教育),历,622.0,622,984.0,201,,,1.0,
2024,10030,北京外国语大学,32,英语(国别与区域研究),历,621.0,621,1043.0,201,,,1.0,
2024,10030,北京外国语大学,39,翻译(外交外事高级翻译),历,617.0,617,1315.0,201,,,1.0,
2024,10030,北京外国语大学,35,德语,历,617.0,617,1315.0,202,,,1.0,
2024,10030,北京外国语大学,36,西班牙语,历,614.0,614,1531.0,202,,,1.0,
2024,10030,北京外国语大学,38,日语(日本研究),历,611.0,611,1781.0,202,,,1.0,
2024,10030,北京外国语大学,37,西班牙语(葡语),历,608.0,606,2290.0,202,,,2.0,
2024,10030,北京外国语大学,34,俄语,历,613.0,605,2413.0,202,,,2.0,
2024,10030,北京外国语大学,27,法学,历,607.0,605,2413.0,202,,,2.0,
2024,10030,北京外国语大学,40,国际新闻与传播(英语),历,610.0,604,2525.0,202,,,2.0,
2024,10030,北京外国语大学,26,国际经济与贸易,历,605.0,604,2525.0,202,,,2.0,
2024,10030,北京外国语大学,28,外交学,历+政,609.0,608,2052.0,203,,,2.0,
2024,10030,北京外国语大学,29,国际组织与全球治理,历+政,607.0,606,2290.0,203,,,2.0,
2024,19422,山东大学威海分校,3,汉语言文学,历,612.0,606,2290.0,201,,,6.0,
2024,19422,山东大学威海分校,1,经济学类,历,603.0,600,2996.0,201,,,4.0,金融学(数智金融)、金融学(保险科技)、国际经济与贸易(数字贸易)
2024,19422,山东大学威海分校,2,工商管理类,历,606.0,599,3114.0,201,,,4.0,工商管理(数字化运营管理)、工商管理(数字营销)、工商管理(数智人力)、工商管理(数字文旅)、工商管理(商务智能)、会计学(数智会计)、供应链管理
2024,19422,山东大学威海分校,4,外国语言文学类,历,605.0,598,3242.0,201,,,5.0,英语(语言文学)、英语(英德双语)、英语(英法双语)、英语(英西双语)、英语(英俄双语)、英语(英日双语)、英语(国际传播)、翻译、朝鲜语(翻译)、朝鲜语(经贸)
2024,10276,华东政法大学,1,法学,历,626.0,624,855.0,201,,,2.0,培养民商法律人才
2024,10276,华东政法大学,7,法学,历,625.0,622,984.0,201,,,2.0,涉外卓越国际金融法律人才实验班
2024,10276,华东政法大学,8,知识产权,历,622.0,622,984.0,201,,,1.0,卓越人才实验班
2024,10276,华东政法大学,2,法学,历,622.0,622,984.0,201,,,1.0,培养经济法人才
2024,10276,华东政法大学,6,法学,历,618.0,617,1315.0,201,,,2.0,卓越刑事法律人才实验班
2024,10276,华东政法大学,4,法学,历,614.0,614,1531.0,201,,,1.0,培养刑事法律人才
2024,10276,华东政法大学,3,法学,历,617.0,613,1612.0,201,,,3.0,培养国际经济法人才
2024,10276,华东政法大学,5,法学,历,613.0,613,1612.0,201,,,1.0,培养网络与信息法人才
2024,10276,华东政法大学,13,经济学类,历,613.0,613,1612.0,201,,,1.0,经济学、金融学、国际经济与贸易、会计学、金融学(数量金融)
2024,10276,华东政法大学,10,网络与新媒体,历,606.0,606,2290.0,201,,,1.0,
2024,10276,华东政法大学,9,新闻学,历,605.0,605,2413.0,201,,,1.0,
2024,10276,华东政法大学,11,社会学类,历,606.0,605,2413.0,201,,,2.0,社会学、社会工作、社会政策
2024,10276,华东政法大学,12,公共管理类,历,610.0,605,2413.0,201,,,3.0,行政管理、劳动与社会保障
2024,10183,吉林大学,1,马克思主义理论(PPE哲学、政治学、经济学),历+政,605.0,605,2413.0,101,,,1.0,
2024,10183,吉林大学,10,英语,历,602.0,602,2757.0,201,,,1.0,
2024,10183,吉林大学,11,俄语,历,601.0,601,2882.0,201,,,1.0,
2024,10183,吉林大学,13,日语,历,598.0,598,3242.0,201,,,1.0,
2024,10183,吉林大学,12,西班牙语,历,600.0,597,3363.0,201,,,2.0,
2024,10183,吉林大学,5,哲学(匡亚明班，拔尖学生培养基地),历,611.0,611,1781.0,202,,,1.0,
2024,10183,吉林大学,6,人文科学试验班(匡亚明班),历,610.0,609,1964.0,202,,,2.0,汉语言文学、历史学
2024,10183,吉林大学,7,历史学,历,609.0,607,2159.0,202,,,3.0,
2024,10183,吉林大学,9,新闻传播学类,历,606.0,603,2639.0,202,,,4.0,新闻学、广告学
2024,10183,吉林大学,8,考古学,历,623.0,600,2996.0,203,,,4.0,考古学、文物与博物馆学
2024,10183,吉林大学,14,经济学(匡亚明班，拔尖学生培养基地),历,609.0,609,1964.0,204,,,1.0,
2024,10183,吉林大学,21,经济学,历,605.0,604,2525.0,204,,,2.0,培养国别与区域经济人才
2024,10183,吉林大学,15,经济学类,历,608.0,603,2639.0,204,,,3.0,经济学、财政学、国际经济与贸易、金融学
2024,10183,吉林大学,19,外交学,历+政,605.0,599,3114.0,205,,,2.0,
2024,10183,吉林大学,20,思想政治教育,历+政,599.0,599,3114.0,205,,,1.0,
2024,10183,吉林大学,18,政治学与行政学,历+政,601.0,597,3363.0,205,,,4.0,政治学与行政学、国际政治、行政管理
2024,10183,吉林大学,16,法学(涉外法治人才试验班),历,632.0,632,493.0,217,,,1.0,
2024,10183,吉林大学,17,法学,历,629.0,626,750.0,217,,,3.0,
2024,10271,上海外国语大学,10,商务英语,历,615.0,602,2757.0,201,,,6.0,
2024,10271,上海外国语大学,11,西班牙语(中外合作办学),历,614.0,598,3242.0,202,,,6.0,中外合作
2024,10271,上海外国语大学,12,外交学,历+政,613.0,613,1612.0,203,,,1.0,
2024,10651,西南财经大学,15,法学(法学与国商双学位),历,605.0,605,2413.0,201,,,1.0,
2024,10651,西南财经大学,5,经济学(国家经济学基础人才培养基地班),历,605.0,605,2413.0,201,,,1.0,
2024,10651,西南财经大学,7,会计学(注册会计师专门化),历,604.0,604,2525.0,201,,,1.0,
2024,10651,西南财经大学,4,金融学类(保险),历,604.0,604,2525.0,201,,,1.0,保险学、保险学(财务与会计双语实验班)
2024,10651,西南财经大学,14,法学(法学与金融学双学位),历,604.0,604,2525.0,201,,,1.0,
2024,10651,西南财经大学,13,金融学(经管国际化创新实验班),历,602.0,602,2757.0,201,,,2.0,
2024,10651,西南财经大学,11,财政学类,历,602.0,602,2757.0,201,,,1.0,财政学、税收学
2024,10651,西南财经大学,6,工商管理类(会计学院),历,603.0,602,2757.0,201,,,2.0,会计学(大数据会计)、财务管理、审计学
2024,10651,西南财经大学,9,工商管理类,历,605.0,601,2882.0,201,,,3.0,工商管理、工商管理(双语实验班)、市场营销、旅游管理、供应链管理、人力资源管理
2024,10651,西南财经大学,12,经济与贸易类,历,605.0,601,2882.0,201,,,3.0,国际商务(双语实验班)、国际经济与贸易(双语实验班)
2024,10651,西南财经大学,3,金融学类,历,606.0,601,2882.0,201,,,4.0,金融学、金融学(证券与期货)、金融学(双语实验班)、信用管理、投资学
2024,10651,西南财经大学,8,会计学(中外合作办学),历,595.0,585,5299.0,202,,,5.0,中外合作
2024,10651,西南财经大学,10,市场营销(中外合作办学),历,587.0,580,6296.0,202,,,5.0,中外合作
2024,10316,中国药科大学,2,英语(医药),历,583.0,583,5698.0,201,,,1.0,
2024,10316,中国药科大学,1,经济管理试验班(医药),历,580.0,578,6715.0,201,,,3.0,国际经济与贸易、工商管理、经济学、健康服务与管理、医疗产品管理
2024,10288,南京理工大学,3,语言学,历,597.0,588,4757.0,201,,,2.0,
2024,10288,南京理工大学,2,公共事业管理,历,585.0,575,7409.0,201,,,3.0,
2024,10288,南京理工大学,4,英语,历,576.0,575,7409.0,201,,,2.0,
2024,10010,北京化工大学,4,法学(卓越实验班),历,596.0,596,3484.0,201,,,1.0,
2024,10010,北京化工大学,5,工商管理类(新文科经管法),历,588.0,577,6940.0,201,,,9.0,财务管理、会计学、工商管理、国际经济与贸易、公共事业管理、行政管理、法学
2024,10010,北京化工大学,6,英语,历,577.0,577,6940.0,201,,,2.0,
2024,10052,中央民族大学,8,汉语言文学,历,611.0,609,2005.0,202,,,2.0,“汉语言文学-教育学”双学士学位
2024,10052,中央民族大学,9,汉语言文学,历,616.0,607,2219.0,202,,,4.0,
2024,10052,中央民族大学,3,法学类,历,611.0,606,2359.0,202,,,8.0,法学、法学(涉外法治)
2024,10052,中央民族大学,6,历史学,历,607.0,606,2359.0,202,,,2.0,
2024,10052,中央民族大学,4,社会学类,历,605.0,605,2466.0,202,,,2.0,社会学、社会工作
2024,10052,中央民族大学,12,工商管理类,历,605.0,605,2466.0,202,,,4.0,工商管理、会计学、财务管理、人力资源管理
2024,10052,中央民族大学,10,汉语国际教育,历,606.0,604,2582.0,202,,,3.0,
2024,10052,中央民族大学,2,经济学类,历,605.0,602,2817.0,202,,,3.0,经济学、财政学、金融学、国际经济与贸易
2024,10052,中央民族大学,1,哲学类,历,605.0,602,2817.0,202,,,2.0,哲学、宗教学
2024,10052,中央民族大学,5,历史学类,历,604.0,602,2817.0,202,,,3.0,考古学、文物与博物馆学
2024,10052,中央民族大学,7,教育学,历,606.0,601,2945.0,202,,,2.0,
2024,10052,中央民族大学,11,新闻传播学类,历,604.0,601,2945.0,202,,,5.0,新闻学、广告学、网络与新媒体
2024,10052,中央民族大学,13,公共管理类,历,605.0,601,2945.0,202,,,4.0,公共事业管理、行政管理
2024,10052,中央民族大学,14,外国语言文学类,历,603.0,601,2945.0,202,,,2.0,英语、翻译
2024,10730,兰州大学,9,法学,历,606.0,602,2757.0,201,,,3.0,
2024,10730,兰州大学,12,汉语言文学,历,607.0,601,2882.0,201,,,3.0,
2024,10730,兰州大学,15,历史学类,历,598.0,597,3363.0,201,,,2.0,历史学(基地班)、历史学、世界史、文物与博物馆学
2024,10730,兰州大学,7,哲学,历,603.0,595,3627.0,201,,,3.0,
2024,10730,兰州大学,14,德语,历,598.0,593,3949.0,201,,,4.0,
2024,10730,兰州大学,13,英语,历,596.0,593,3949.0,201,,,4.0,
2024,10730,兰州大学,16,工商管理类,历,599.0,595,3627.0,202,,,5.0,会计学、市场营销、人力资源管理、行政管理、信息管理与信息系统
2024,10730,兰州大学,8,经济学类,历,598.0,594,3791.0,202,,,4.0,经济学、国际经济与贸易、金融学、金融工程
2024,10730,兰州大学,11,马克思主义理论类,历+政,601.0,595,3627.0,203,,,4.0,思想政治教育、马克思主义理论
2024,10730,兰州大学,10,政治学类,历+政,595.0,594,3791.0,203,,,4.0,政治学与行政学、国际政治
2024,10423,中国海洋大学,1,法语,历,591.0,589,4599.0,101,,,3.0,
2024,10423,中国海洋大学,3,日语,历,584.0,584,5497.0,101,,,2.0,
2024,10423,中国海洋大学,2,德语,历,585.0,584,5497.0,101,,,2.0,
2024,10423,中国海洋大学,13,汉语言文学,历,603.0,603,2639.0,201,,,2.0,
2024,10423,中国海洋大学,15,法学,历,606.0,603,2639.0,201,,,4.0,
2024,10423,中国海洋大学,14,新闻传播学类,历,603.0,601,2882.0,201,,,2.0,新闻学、网络与新媒体
2024,10423,中国海洋大学,12,英语,历,599.0,597,3363.0,201,,,2.0,
2024,10423,中国海洋大学,11,国际经济与贸易,历,600.0,596,3484.0,201,,,2.0,
2024,10423,中国海洋大学,10,旅游管理,历,599.0,596,3484.0,201,,,2.0,
2024,10423,中国海洋大学,19,公共事业管理,历,597.0,596,3484.0,202,,,3.0,
2024,10423,中国海洋大学,9,工商管理,历,596.0,596,3484.0,202,,,1.0,
2024,10423,中国海洋大学,17,行政管理,历,597.0,596,3484.0,202,,,3.0,
2024,10423,中国海洋大学,18,政治学与行政学,历+政,600.0,600,2996.0,203,,,2.0,
2024,10423,中国海洋大学,16,法学(中外合作办学),历,600.0,591,4273.0,204,,,4.0,中外合作
2024,10497,武汉理工大学,9,法学类,历,592.0,584,5594.0,201,,,6.0,法学、社会工作
2024,10497,武汉理工大学,5,经济学类,历,594.0,583,5801.0,201,,,4.0,经济学、金融学、国际经济与贸易
2024,10497,武汉理工大学,4,工商管理类,历,595.0,579,6596.0,201,,,10.0,市场营销、人力资源管理、工商管理、会计学、创业管理
2024,10497,武汉理工大学,8,新闻传播学类,历,582.0,579,6596.0,201,,,4.0,广告学、网络与新媒体、汉语国际教育
2024,10497,武汉理工大学,6,外国语言文学类,历,583.0,577,7046.0,201,,,8.0,英语、法语、日语
2024,10497,武汉理工大学,10,金融学(中外合作办学),历,581.0,579,6596.0,202,,,2.0,中外合作
2024,10497,武汉理工大学,7,思想政治教育,历+政,590.0,585,5398.0,203,,,4.0,
2024,10033,中国传媒大学,36,传播学,历,607.0,606,2359.0,202,,,3.0,
2024,10033,中国传媒大学,32,广告学,历,617.0,604,2582.0,202,,,4.0,
2024,10033,中国传媒大学,39,汉语言文学,历,607.0,602,2817.0,202,,,3.0,
2024,10033,中国传媒大学,34,国际新闻与传播,历,604.0,599,3181.0,202,,,3.0,
2024,10033,中国传媒大学,38,翻译,历,600.0,598,3301.0,202,,,3.0,
2024,10033,中国传媒大学,33,网络与新媒体,历,599.0,598,3301.0,202,,,3.0,培养智能融媒体运营人才
2024,10033,中国传媒大学,35,数字出版,历,599.0,598,3301.0,202,,,2.0,
2024,10033,中国传媒大学,37,英语,历,598.0,597,3423.0,202,,,3.0,
2024,10033,中国传媒大学,41,传播学(中外合作办学),历,610.0,592,4189.0,203,,,3.0,中外合作
2024,10033,中国传媒大学,40,广告学(中外合作办学),历,592.0,591,4355.0,203,,,2.0,中外合作
2024,10255,东华大学,5,新闻传播学类,历,593.0,593,3949.0,201,,,2.0,传播学、公共关系学
2024,10255,东华大学,7,经济与贸易类,历,594.0,592,4107.0,201,,,2.0,国际经济与贸易、金融学
2024,10255,东华大学,8,经济管理试验班,历,591.0,590,4440.0,201,,,3.0,市场营销、财务管理、会计学、工商管理
2024,10255,东华大学,6,日语,历,589.0,588,4757.0,201,,,2.0,
2024,10004,北京交通大学,5,法学,历,601.0,594,3872.0,201,,,4.0,
2024,10004,北京交通大学,4,新闻传播学类,历,595.0,594,3872.0,201,,,3.0,传播学、网络与新媒体
2024,10004,北京交通大学,2,建筑类(建筑与规划)(5年),历,594.0,594,3872.0,201,,,2.0,建筑学、城乡规划
2024,19145,东北大学秦皇岛分校,1,经济学类,历,595.0,590,4523.0,201,,,4.0,经济学、金融学、国际经济与贸易
2024,19145,东北大学秦皇岛分校,3,工商管理类,历,593.0,589,4674.0,201,,,3.0,工商管理、会计学、健康服务与管理
2024,19145,东北大学秦皇岛分校,2,外国语言文学类,历,591.0,587,5015.0,201,,,3.0,英语、日语
2024,10386,福州大学,4,社会学,历,593.0,579,6495.0,201,,,3.0,
2024,10697,西北大学,5,中国语言文学类,历,,592,4025.0,201,,,2.0,汉语言文学、汉语国际教育
2024,10697,西北大学,3,法学,历,,584,5399.0,201,,,2.0,
2024,10697,西北大学,6,公共管理类,历,,584,5399.0,201,,,2.0,行政管理、人力资源管理、劳动与社会保障
2024,10697,西北大学,4,考古学,历,,608,2006.0,202,,,1.0,
2024,11414,中国石油大学(北京),2,英语,历,583.0,581,6198.0,201,,,2.0,
2024,11414,中国石油大学(北京),1,思想政治教育,历+政,592.0,591,4355.0,202,,,2.0,
2024,10359,合肥工业大学,2,英语,历,573.0,571,8351.0,201,,,5.0,
2024,10359,合肥工业大学,3,法学,历+政,586.0,583,5698.0,202,,,4.0,
2024,10359,合肥工业大学,1,思想政治教育,历+政,582.0,582,5895.0,202,,,3.0,
2024,10295,江南大学,3,英语(涉外法治人才卓越创新班),历,585.0,583,5595.0,201,,,2.0,
2024,10295,江南大学,4,英语,历,582.0,579,6393.0,201,,,2.0,
2024,10295,江南大学,2,国际经济与贸易,历,576.0,574,7529.0,202,,,2.0,
2024,10295,江南大学,5,日语,历,572.0,572,7990.0,202,,,2.0,
2024,10295,江南大学,6,社会工作,历,576.0,572,7990.0,202,,,7.0,
2024,10295,江南大学,7,工商管理(中外合作办学),历,578.0,575,7289.0,203,,,2.0,中外合作
2024,19004,北京交通大学(威海校区),1,工商管理(中外合作办学),历,581.0,573,7989.0,201,,,3.0,中外合作
2024,10054,华北电力大学(北京),2,法学,历,593.0,588,4757.0,202,,,2.0,
2024,10054,华北电力大学(北京),4,公共管理类,历,584.0,581,6094.0,202,,,2.0,公共事业管理、行政管理
2024,10054,华北电力大学(北京),3,网络与新媒体,历,582.0,580,6296.0,202,,,2.0,
2024,10054,华北电力大学(北京),5,外国语言文学类,历,582.0,579,6495.0,202,,,3.0,英语、翻译
2024,10712,西北农林科技大学,5,英语,历,590.0,590,4440.0,201,,,2.0,
2024,10712,西北农林科技大学,2,法学,历,597.0,593,3949.0,202,,,2.0,
2024,10712,西北农林科技大学,4,公共管理类,历,593.0,591,4273.0,202,,,2.0,公共事业管理、劳动与社会保障
2024,10712,西北农林科技大学,3,社会学类,历,589.0,589,4599.0,202,,,2.0,社会学、社会工作
2024,10252,上海理工大学,1,经济管理试验班,历,568.0,565,9851.0,201,,,2.0,税收学、金融学、国际经济与贸易、会计学、公共事业管理
2024,10252,上海理工大学,2,工商管理(中外合作办学),历,559.0,557,12244.0,202,,,2.0,中外合作
2024,10252,上海理工大学,3,国际经济与贸易(中外合作办学),历,549.0,539,18828.0,202,,,3.0,中外合作
2024,10200,东北师范大学,3,英语(国家公费师范生),历,,602,2757.0,101,,,2.0,公师
2024,10200,东北师范大学,2,汉语言文学(国家公费师范生),历,,598,3242.0,102,,,3.0,公师
2024,10200,东北师范大学,1,思想政治教育(国家公费师范生),历+政,,598,3242.0,103,,,2.0,公师
2024,10200,东北师范大学,14,英语(师范),历,,596,3484.0,201,,,2.0,普师
2024,10200,东北师范大学,12,汉语言文学(师范),历,,589,4599.0,202,,,1.0,普师
2024,10200,东北师范大学,13,历史学(师范),历,,588,4757.0,202,,,1.0,普师
2024,10200,东北师范大学,18,法学,历,,587,4927.0,202,,,2.0,
2024,10200,东北师范大学,15,日语(师范),历,,587,4927.0,202,,,1.0,普师
2024,10200,东北师范大学,17,马克思主义理论类,历+政,,602,2757.0,203,,,2.0,思想政治教育(师范)、社会学、哲学
2024,10200,东北师范大学,16,经济学类,历,,586,5107.0,210,,,2.0,金融学、会计学、人力资源管理、经济学、市场营销
2024,10590,深圳大学,102,广告学,历,612.0,592,4067.0,201,,,10.0,卓越班
2024,10590,深圳大学,101,新闻传播学类,历,600.0,580,6250.0,201,,,129.0,新闻学、广告学、网络与新媒体
2024,10590,深圳大学,107,金融学,历,606.0,599,3054.0,202,,,10.0,创新班
2024,10590,深圳大学,106,经济学,历,607.0,594,3745.0,202,,,17.0,卓越班
2024,10590,深圳大学,104,工商管理,历,590.0,586,5195.0,202,,,10.0,全英班
2024,10590,深圳大学,105,金融学类,历,600.0,581,6044.0,202,,,193.0,经济学、金融学、国际经济与贸易、会计学、供应链管理
2024,10590,深圳大学,103,工商管理类,历,588.0,576,7247.0,202,,,202.0,工商管理、市场营销、人力资源管理、电子商务
2024,10590,深圳大学,108,建筑类(5年),历,590.0,577,6924.0,203,,,10.0,建筑学、城乡规划
2024,10590,深圳大学,109,风景园林,历,581.0,575,7358.0,203,,,10.0,
2024,10590,深圳大学,111,汉语言文学,历,606.0,595,3641.0,204,,,14.0,卓越班
2024,10590,深圳大学,112,汉语言文学(师范),历,597.0,589,4615.0,204,,,61.0,普师
2024,10590,深圳大学,110,中国语言文学类,历,594.0,583,5671.0,204,,,135.0,哲学、汉语言文学、历史学
2024,10590,深圳大学,113,汉语国际教育(师范),历,590.0,582,5817.0,204,,,52.0,普师
2024,10590,深圳大学,114,学前教育(师范),历,579.0,574,7579.0,205,,,29.0,普师
2024,10590,深圳大学,118,西班牙语,历,591.0,579,6595.0,206,,,11.0,
2024,10590,深圳大学,116,法语(法英),历,586.0,578,6703.0,206,,,12.0,
2024,10590,深圳大学,115,德语(德英),历,584.0,576,7226.0,206,,,14.0,
2024,10590,深圳大学,117,日语,历,582.0,575,7372.0,206,,,24.0,
2024,10590,深圳大学,120,英语(师范),历,589.0,580,6297.0,207,,,55.0,普师
2024,10590,深圳大学,119,英语,历,587.0,578,6815.0,207,,,70.0,
2024,10590,深圳大学,121,法学,历,609.0,592,4155.0,208,,,130.0,
2024,10590,深圳大学,123,社会学,历,602.0,588,4700.0,208,,,33.0,
2024,10590,深圳大学,122,行政管理,历,592.0,588,4763.0,208,,,40.0,
2024,10511,华中师范大学,3,汉语言文学(国家公费师范生),历,606.0,604,2525.0,102,,,4.0,公师
2024,10511,华中师范大学,5,历史学(国家公费师范生),历,611.0,603,2639.0,102,,,3.0,公师
2024,10511,华中师范大学,4,英语(国家公费师范生),历,604.0,603,2639.0,102,,,3.0,公师
2024,10511,华中师范大学,1,特殊教育(国家公费师范生),历,598.0,598,3242.0,102,,,1.0,公师
2024,10511,华中师范大学,6,地理科学(国家公费师范生),历+地,606.0,606,2290.0,103,,,2.0,公师
2024,10511,华中师范大学,2,思想政治教育(国家公费师范生),历+政,605.0,603,2639.0,104,,,3.0,公师
2024,10511,华中师范大学,22,中国语言文学类,历,625.0,618,1236.0,202,,,6.0,汉语言文学(非公费师范)、汉语言文学(非师范)、汉语言文学(国家拔尖学生培养基地班)、汉语言
2024,10511,华中师范大学,25,历史学类,历,619.0,615,1455.0,202,,,4.0,历史学(开沅国家拔尖学生培养基地班)、历史学(国家文科人才培养基地班)、历史学(非公费师范)、历史学(文遗班)
2024,10511,华中师范大学,20,教育学类,历,614.0,613,1612.0,202,,,2.0,教育学、学前教育(非公费师范)、融合教育(非公费师范)
2024,10511,华中师范大学,23,外国语言文学类,历,615.0,613,1612.0,202,,,2.0,英语(非公费师范)、翻译
2024,10511,华中师范大学,21,法学类,历,612.0,607,2159.0,202,,,2.0,法学、法学(法学经济学交叉班)
2024,10511,华中师范大学,30,社会学类,历,606.0,606,2290.0,202,,,1.0,社会学、社会工作
2024,10511,华中师范大学,26,旅游管理(创新实验班),历,604.0,603,2639.0,202,,,2.0,
2024,10511,华中师范大学,29,经济学类,历,600.0,600,2996.0,202,,,2.0,经济学、经济学(数学经济学交叉班)、经济学(法学经济学交叉班)、工商管理(数字企业管理)、人力资源管理、财务会计教育
2024,10511,华中师范大学,24,外国语言文学类,历,602.0,599,3114.0,202,,,3.0,日语(涉外法治人才实验班、日英复语班)、法语(法英复语班)、俄语(俄英复语班)、朝鲜语(朝英复语班)、西班牙语(西英复语班)
2024,10511,华中师范大学,31,公共管理类,历,610.0,599,3114.0,202,,,3.0,行政管理、行政管理(基层治理实验班)、劳动与社会保障、土地资源管理
2024,10511,华中师范大学,28,电子商务,历,598.0,598,3242.0,202,,,2.0,
2024,10511,华中师范大学,27,新闻传播学类,历,603.0,596,3484.0,202,,,2.0,新闻学、广播电视学、网络与新媒体
2024,10511,华中师范大学,32,政治学类,历+政,610.0,606,2290.0,203,,,5.0,政治学与行政学、国际政治
2024,10613,西南交通大学,3,汉语国际教育,历,585.0,585,5299.0,201,,,2.0,
2024,10613,西南交通大学,2,新闻传播学类,历,590.0,585,5299.0,201,,,2.0,传播学、广告学
2024,10613,西南交通大学,4,外国语言文学类,历,593.0,582,5895.0,201,,,7.0,英语、翻译、日语、德语、法语
2024,10613,西南交通大学,5,法学,历+政,599.0,592,4107.0,202,,,2.0,
2024,10613,西南交通大学,6,政治学与行政学,历+政,591.0,591,4273.0,202,,,2.0,
2024,10175,中国刑事警察学院,1,治安学(面向地方公安机关就业),历+政,574.0,564,10135.0,101,,,3.0,男
2024,10175,中国刑事警察学院,9,经济犯罪侦查(面向地方公安机关就业),历+政,567.0,551,14218.0,101,,,13.0,男
2024,10175,中国刑事警察学院,12,涉外警务(面向地方公安机关就业),历+政,570.0,548,15290.0,101,,,8.0,男
2024,10175,中国刑事警察学院,3,侦查学(面向地方公安机关就业),历+政,570.0,547,15672.0,101,,,25.0,男
2024,10175,中国刑事警察学院,15,公安情报学(面向地方公安机关就业),历+政,550.0,541,18017.0,101,,,5.0,男
2024,10175,中国刑事警察学院,5,禁毒学(面向地方公安机关就业),历+政,551.0,538,19238.0,101,,,13.0,男
2024,10175,中国刑事警察学院,7,警犬技术(面向地方公安机关就业),历+政,546.0,538,19238.0,101,,,10.0,男
2024,10175,中国刑事警察学院,4,侦查学(面向地方公安机关就业),历+政,618.0,616,1385.0,102,,,2.0,女
2024,10175,中国刑事警察学院,10,经济犯罪侦查(面向地方公安机关就业),历+政,616.0,616,1385.0,102,,,1.0,女
2024,10175,中国刑事警察学院,2,治安学(面向地方公安机关就业),历+政,614.0,614,1531.0,102,,,1.0,女
2024,10175,中国刑事警察学院,6,禁毒学(面向地方公安机关就业),历+政,609.0,609,1964.0,102,,,1.0,女
2024,10175,中国刑事警察学院,13,涉外警务(面向地方公安机关就业),历+政,608.0,606,2290.0,102,,,2.0,女
2024,10175,中国刑事警察学院,8,警犬技术(面向地方公安机关就业),历+政,604.0,604,2525.0,102,,,1.0,女
2024,10285,苏州大学,10,英语(师范),历,594.0,594,3791.0,201,,,1.0,普师
2024,10285,苏州大学,16,法语(5年),历,594.0,594,3791.0,201,,,1.0,
2024,10285,苏州大学,13,社会学,历,607.0,607,2159.0,202,,,1.0,
2024,10285,苏州大学,9,法学,历,600.0,599,3114.0,202,,,2.0,
2024,10285,苏州大学,12,广告学,历,596.0,596,3484.0,202,,,1.0,
2024,10285,苏州大学,14,人力资源管理,历,602.0,602,2757.0,203,,,1.0,
2024,10285,苏州大学,15,物流管理,历,595.0,595,3627.0,203,,,1.0,
2024,10285,苏州大学,8,汉语言文学(师范),历+地+政,603.0,603,2639.0,204,,,1.0,普师
2024,10285,苏州大学,17,汉语言文学,历+地+政,600.0,600,2996.0,204,,,1.0,
2024,10285,苏州大学,11,汉语国际教育,历+地+政,599.0,599,3114.0,204,,,1.0,
2024,10043,北京体育大学,7,英语,历,580.0,580,6296.0,201,,,1.0,
2024,10043,北京体育大学,8,新闻学,历,578.0,578,6715.0,201,,,1.0,
2024,10043,北京体育大学,9,网络与新媒体,历,574.0,574,7644.0,201,,,1.0,
2024,10043,北京体育大学,12,旅游管理,历,574.0,574,7644.0,201,,,1.0,
2024,10043,北京体育大学,10,体育经济与管理,历,583.0,583,5698.0,202,,,1.0,
2024,10043,北京体育大学,11,公共事业管理,历,574.0,574,7644.0,202,,,1.0,
2024,10043,北京体育大学,14,旅游管理(中外合作办学),历,526.0,525,25052.0,203,,,2.0,中外合作
2024,10043,北京体育大学,13,休闲体育(中外合作办学),历,521.0,521,27018.0,203,,,2.0,中外合作
2024,10459,郑州大学,6,法学,历,588.0,585,5398.0,201,,,2.0,
2024,10459,郑州大学,7,中国语言文学类,历,585.0,583,5801.0,201,,,2.0,汉语言文学、汉语国际教育
2024,10459,郑州大学,8,新闻传播学类,历,585.0,583,5801.0,201,,,2.0,广告学、新闻学、网络与新媒体
2024,10459,郑州大学,9,英语,历,581.0,580,6392.0,201,,,3.0,
2024,10079,华北电力大学(保定),3,法学,历,587.0,584,5594.0,202,,,2.0,
2024,10079,华北电力大学(保定),4,行政管理,历,572.0,570,8754.0,202,,,3.0,
2024,10079,华北电力大学(保定),5,社会工作,历,575.0,570,8754.0,202,,,2.0,
2024,10079,华北电力大学(保定),2,外国语言文学类,历,583.0,570,8754.0,202,,,3.0,英语、翻译
2024,10520,中南财经政法大学,3,公安学类,历+政,573.0,542,17624.0,101,,,11.0,治安学、侦查学、侦查学(法庭科学)
2024,10520,中南财经政法大学,1,公安学类,历+政,589.0,589,4599.0,102,,,1.0,侦查学、侦查学(法庭科学)、治安学
2024,10520,中南财经政法大学,29,外国语言文学类,历,594.0,590,4440.0,201,,,8.0,英语、英语(翻译)、商务英语
2024,10520,中南财经政法大学,31,日语,历,592.0,589,4599.0,202,,,2.0,
2024,10520,中南财经政法大学,30,法语,历,598.0,594,3791.0,203,,,2.0,
2024,10520,中南财经政法大学,18,法学,历,634.0,634,426.0,204,,,1.0,拔尖人才实验班
2024,10520,中南财经政法大学,19,国际法,历,624.0,622,984.0,204,,,2.0,拔尖人才实验班
2024,10520,中南财经政法大学,13,财政学,历,610.0,610,1871.0,204,,,1.0,数字财税卓越人才实验班
2024,10520,中南财经政法大学,17,法学类,历,625.0,610,1871.0,204,,,32.0,法学、法学(民商法)、法学(涉外法治)、法学(政府法治)、法学(刑事司法)、法学(社会治理)
2024,10520,中南财经政法大学,20,知识产权,历,621.0,610,1871.0,204,,,2.0,
2024,10520,中南财经政法大学,33,汉语言文学,历,609.0,608,2052.0,204,,,2.0,
2024,10520,中南财经政法大学,10,经济学,历,610.0,608,2052.0,204,,,2.0,卓越人才实验班
2024,10520,中南财经政法大学,14,金融学类,历,607.0,606,2290.0,204,,,2.0,金融学、投资学
2024,10520,中南财经政法大学,12,财政学类,历,608.0,605,2413.0,204,,,2.0,财政学、税收学
2024,10520,中南财经政法大学,15,金融学,历,605.0,605,2413.0,204,,,2.0,数字金融实验班
2024,10520,中南财经政法大学,28,劳动关系,历,605.0,605,2413.0,204,,,1.0,
2024,10520,中南财经政法大学,22,工商管理,历,608.0,604,2525.0,204,,,2.0,卓越创新人才实验班
2024,10520,中南财经政法大学,26,工商管理类(会计学),历,607.0,603,2639.0,204,,,5.0,会计学、会计学(注册会计师)、财务管理
2024,10520,中南财经政法大学,25,国际经济与贸易,历,603.0,603,2639.0,204,,,1.0,融通创新人才实验班
2024,10520,中南财经政法大学,16,经济管理试验班,历,605.0,603,2639.0,204,,,2.0,经济与金融、会计学、经济学
2024,10520,中南财经政法大学,9,经济学,历,603.0,601,2882.0,204,,,2.0,
2024,10520,中南财经政法大学,24,经济与贸易类,历,602.0,598,3242.0,204,,,2.0,国际经济与贸易、贸易经济(数字贸易)
2024,10520,中南财经政法大学,32,新闻传播学类,历,610.0,597,3363.0,204,,,3.0,新闻学、广播电视学、网络与新媒体
2024,10520,中南财经政法大学,11,国际商务,历,598.0,596,3484.0,204,,,2.0,
2024,10520,中南财经政法大学,23,旅游管理,历,595.0,595,3627.0,204,,,1.0,
2024,10520,中南财经政法大学,21,工商管理类,历,601.0,593,3949.0,204,,,11.0,工商管理、工商管理(商务分析)、市场营销、人力资源管理、物流管理、电子商务
2024,10520,中南财经政法大学,27,公共管理类,历,597.0,593,3949.0,204,,,3.0,公共事业管理、行政管理、劳动与社会保障、城市管理
2024,10520,中南财经政法大学,8,哲学,历,594.0,593,3949.0,204,,,3.0,
2024,10520,中南财经政法大学,34,电影学(中外合作办学),历,561.0,531,22221.0,205,,,7.0,中外合作
2024,10559,暨南大学,22,会计学,历,614.0,605,2412.0,201,,,15.0,培养注册会计师人才
2024,10559,暨南大学,21,会计学,历,605.0,600,2951.0,201,,,19.0,
2024,10559,暨南大学,31,会计学,历,601.0,597,3376.0,201,,,7.0,全英语教学
2024,10559,暨南大学,23,财务管理,历,603.0,596,3430.0,201,,,12.0,
2024,10559,暨南大学,25,行政管理,历,595.0,586,5115.0,201,,,9.0,
2024,10559,暨南大学,20,工商管理,历,603.0,586,5149.0,201,,,27.0,
2024,10559,暨南大学,44,酒店管理,历,585.0,582,5847.0,201,,,8.0,
2024,10559,暨南大学,37,文化产业管理,历,590.0,582,5853.0,201,,,12.0,
2024,10559,暨南大学,43,旅游管理,历,585.0,582,5862.0,201,,,10.0,
2024,10559,暨南大学,39,工商管理,历,595.0,582,5866.0,201,,,22.0,珠海校区
2024,10559,暨南大学,38,国际商务,历,596.0,582,5890.0,201,,,21.0,
2024,10559,暨南大学,45,电子商务,历,587.0,582,5907.0,201,,,10.0,
2024,10559,暨南大学,24,市场营销,历,595.0,582,5912.0,201,,,12.0,
2024,10559,暨南大学,28,国际政治,历+政,600.0,596,3513.0,202,,,5.0,
2024,10559,暨南大学,29,国际事务与国际关系,历+政,603.0,596,3525.0,202,,,3.0,
2024,10559,暨南大学,34,戏剧影视文学,历,602.0,580,6226.0,216,,,5.0,
2024,10559,暨南大学,26,法学,历,615.0,607,2110.0,217,,,11.0,
2024,10559,暨南大学,27,知识产权,历,607.0,605,2370.0,217,,,4.0,
2024,10559,暨南大学,36,法学,历,608.0,604,2571.0,217,,,21.0,珠海校区
2024,10559,暨南大学,4,汉语言文学,历,618.0,602,2738.0,217,,,40.0,
2024,10559,暨南大学,9,网络与新媒体,历,609.0,596,3434.0,217,,,7.0,
2024,10559,暨南大学,10,英语,历,604.0,594,3765.0,217,,,5.0,
2024,10559,暨南大学,6,新闻学,历,611.0,593,3973.0,217,,,18.0,
2024,10559,暨南大学,35,汉语言文学,历,606.0,592,4180.0,217,,,52.0,珠海校区
2024,10559,暨南大学,5,历史学,历,615.0,592,4182.0,217,,,20.0,
2024,10559,暨南大学,7,广告学,历,599.0,591,4333.0,217,,,8.0,
2024,10559,暨南大学,11,商务英语,历,605.0,590,4428.0,217,,,8.0,
2024,10559,暨南大学,13,法语,历,592.0,590,4457.0,217,,,3.0,
2024,10559,暨南大学,41,汉语言,历,602.0,590,4494.0,217,,,9.0,
2024,10559,暨南大学,14,西班牙语,历,597.0,589,4549.0,217,,,4.0,
2024,10559,暨南大学,46,商务英语,历,592.0,588,4731.0,217,,,5.0,深圳校区
2024,10559,暨南大学,12,日语,历,599.0,588,4785.0,217,,,4.0,
2024,10559,暨南大学,8,广播电视学,历,607.0,588,4828.0,217,,,9.0,
2024,10559,暨南大学,33,国际新闻与传播,历,600.0,587,4857.0,217,,,11.0,全英语教学
2024,10559,暨南大学,42,汉语国际教育,历,595.0,587,5000.0,217,,,10.0,
2024,10559,暨南大学,40,翻译,历,596.0,587,5012.0,217,,,29.0,
2024,10559,暨南大学,15,经济学,历,605.0,601,2821.0,218,,,8.0,
2024,10559,暨南大学,16,金融学,历,604.0,598,3240.0,218,,,11.0,
2024,10559,暨南大学,18,财政学,历,604.0,597,3403.0,218,,,7.0,
2024,10559,暨南大学,19,税收学,历,605.0,595,3579.0,218,,,6.0,
2024,10559,暨南大学,32,金融学,历,599.0,593,3907.0,218,,,5.0,全英语教学
2024,10559,暨南大学,17,国际经济与贸易,历,600.0,593,3952.0,218,,,10.0,
2024,10559,暨南大学,30,国际经济与贸易,历,603.0,593,3984.0,218,,,6.0,全英语教学
2024,10652,西南政法大学,1,侦查学,历+政,604.0,558,11930.0,101,,,9.0,男
2024,10652,西南政法大学,2,侦查学,历+政,590.0,590,4440.0,102,,,1.0,女
2024,10652,西南政法大学,17,英语,历,603.0,593,3949.0,201,,,6.0,
2024,10652,西南政法大学,18,法学,历,623.0,623,914.0,202,,,2.0,培养“法学-英语”双学士学位复合型人才
2024,10652,西南政法大学,10,法学,历,626.0,616,1385.0,202,,,2.0,培养“法学-审计学”双学士学位复合型人才
2024,10652,西南政法大学,15,法学,历,616.0,613,1612.0,202,,,2.0,培养“法学-金融学”双学士学位复合型人才
2024,10652,西南政法大学,16,法学,历,618.0,612,1699.0,202,,,2.0,培养“法学-国际经济与贸易”双学士学位复合型人才
2024,10652,西南政法大学,13,法学,历,610.0,610,1871.0,202,,,2.0,培养“法学-工商管理”双学士学位复合型人才
2024,10652,西南政法大学,23,法学,历,615.0,606,2290.0,202,,,2.0,培养“法学-公共事业管理”双学士学位复合型人才
2024,10652,西南政法大学,7,海外利益安全,历,607.0,605,2413.0,202,,,2.0,
2024,10652,西南政法大学,8,法学,历,624.0,600,2996.0,202,,,35.0,
2024,10652,西南政法大学,11,知识产权,历,599.0,598,3242.0,202,,,2.0,
2024,10652,西南政法大学,9,法学,历,601.0,597,3363.0,202,,,4.0,培养“法学-法语”双学士学位复合型人才
2024,10652,西南政法大学,19,德语,历,594.0,594,3791.0,202,,,2.0,
2024,10652,西南政法大学,12,工商管理类,历,600.0,594,3791.0,202,,,10.0,工商管理、市场营销、会计学、审计学、劳动关系、电子商务及法律
2024,10652,西南政法大学,14,金融学,历,600.0,594,3791.0,202,,,4.0,
2024,10652,西南政法大学,20,新闻传播学类,历,601.0,592,4107.0,202,,,8.0,新闻学、广播电视学、传播学、网络与新媒体
2024,10652,西南政法大学,21,行政管理,历,593.0,592,4107.0,202,,,2.0,
2024,10652,西南政法大学,22,法学(中外合作办学),历,608.0,606,2290.0,203,,,6.0,中外合作
2024,10026,北京中医药大学,13,公共管理类,历,587.0,587,4927.0,201,,,1.0,工商管理、公共事业管理
2024,10026,北京中医药大学,14,法学(医药卫生),历,586.0,586,5107.0,201,,,1.0,
2024,10026,北京中医药大学,15,英语(医学),历,586.0,586,5107.0,201,,,1.0,
2024,10026,北京中医药大学,16,英语(中医药国际传播),历,582.0,582,5895.0,201,,,1.0,
2024,10425,中国石油大学(华东),2,工商管理类,历,574.0,572,8226.0,201,,,2.0,会计学、市场营销
2024,10425,中国石油大学(华东),3,英语,历,575.0,573,7989.0,206,,,2.0,
2024,10491,中国地质大学(武汉),5,法学,历,,586,5107.0,201,,,4.0,
2024,10491,中国地质大学(武汉),6,行政管理,历,,582,5895.0,201,,,3.0,
2024,10491,中国地质大学(武汉),2,经济学类,历,,580,6296.0,201,,,2.0,经济学、国际经济与贸易
2024,10491,中国地质大学(武汉),3,工商管理类,历,,577,6940.0,201,,,10.0,工商管理(双语教学班)、市场营销、会计学、旅游管理
2024,10491,中国地质大学(武汉),4,英语,历,,576,7168.0,201,,,2.0,
2024,10491,中国地质大学(武汉),7,思想政治教育,历+政,,584,5497.0,203,,,2.0,
2024,10726,西北政法大学,2,法学(民商法),历,602.0,601,2882.0,201,,,2.0,
2024,10726,西北政法大学,3,法学(经济法),历,604.0,593,3949.0,201,,,3.0,
2024,10726,西北政法大学,4,法学(刑事法),历,594.0,591,4273.0,201,,,2.0,
2024,10726,西北政法大学,6,法学(涉外法治),历,590.0,590,4440.0,201,,,2.0,
2024,10726,西北政法大学,5,法学(行政法),历,591.0,590,4440.0,201,,,2.0,
2024,10726,西北政法大学,11,跨境电子商务,历,590.0,590,4440.0,201,,,1.0,
2024,10726,西北政法大学,7,法学(反恐怖主义法),历,590.0,589,4599.0,201,,,2.0,
2024,10726,西北政法大学,10,编辑出版学,历,588.0,588,4757.0,201,,,1.0,
2024,10726,西北政法大学,9,网络与新媒体,历,588.0,588,4757.0,201,,,1.0,
2024,10726,西北政法大学,8,英语,历,588.0,587,4927.0,201,,,2.0,
2024,10726,西北政法大学,1,经济学类,历,591.0,590,4440.0,202,,,2.0,经济学、金融学、国际经济与贸易
2024,11415,中国地质大学(北京),4,英语,历,589.0,587,5015.0,201,,,2.0,
2024,11415,中国地质大学(北京),5,翻译,历,585.0,585,5398.0,201,,,1.0,
2024,11415,中国地质大学(北京),6,自然资源登记与管理,历,591.0,591,4355.0,202,,,1.0,
2024,11415,中国地质大学(北京),3,法学,历,589.0,589,4674.0,202,,,1.0,
2024,10504,华中农业大学,6,外国语言文学类,历,,578,6715.0,201,,,3.0,英语、商务英语
2024,10504,华中农业大学,4,经济学类,历,,582,5895.0,202,,,2.0,经济学、国际经济与贸易、农林经济管理(国家卓越农林人才计划)、农村区域发展
2024,10504,华中农业大学,2,社会学类,历,,577,6940.0,202,,,2.0,社会学、社会工作
2024,10504,华中农业大学,5,工商管理类,历,,575,7409.0,202,,,2.0,市场营销、人力资源管理、会计学、财务管理、工商管理
2024,10504,华中农业大学,3,广告学,历,,575,7409.0,202,,,2.0,
2024,10718,陕西师范大学,3,英语(国家公费师范生),历,606.0,599,3114.0,101,,,2.0,公师
2024,10718,陕西师范大学,4,历史学(国家公费师范生),历,599.0,599,3114.0,102,,,2.0,公师
2024,10718,陕西师范大学,2,汉语言文学(国家公费师范生),历,602.0,599,3114.0,102,,,3.0,公师
2024,10718,陕西师范大学,1,思想政治教育(国家公费师范生),历+政,600.0,597,3363.0,103,,,2.0,公师
2024,10718,陕西师范大学,20,外国语言文学类(英语),历,599.0,588,4757.0,201,,,10.0,英语(师范)、英语(创新实验班)、翻译
2024,10718,陕西师范大学,19,中国语言文学类,历,612.0,591,4273.0,202,,,12.0,汉语言文学(师范)、汉语言文学(拔尖基地班)、汉语言文学
2024,10718,陕西师范大学,18,教育学(创新实验班),历,587.0,587,4927.0,202,,,2.0,
2024,10718,陕西师范大学,21,历史学类,历,600.0,583,5698.0,202,,,17.0,历史学(师范)、历史学(新文科班)、世界史、文物与博物馆学、古典文献学
2024,10718,陕西师范大学,16,哲学类,历,592.0,583,5698.0,202,,,6.0,哲学、哲学(新文科班)
2024,10718,陕西师范大学,17,马克思主义理论,历+政,596.0,587,4927.0,204,,,4.0,
2024,10294,河海大学,21,法学,历,584.0,584,5497.0,203,,,2.0,
2024,10294,河海大学,19,会计学,历,594.0,583,5698.0,203,,,2.0,
2024,10294,河海大学,25,国际经济与贸易,历,585.0,582,5895.0,203,,,2.0,
2024,10294,河海大学,24,经济学,历,581.0,581,6094.0,203,,,2.0,
2024,10294,河海大学,23,法语,历,587.0,579,6495.0,203,,,3.0,
2024,10294,河海大学,20,工商管理,历,583.0,579,6495.0,203,,,3.0,
2024,10294,河海大学,22,英语,历,582.0,579,6495.0,203,,,4.0,
2024,10574,华南师范大学,5,汉语言文学(师范),历,618.0,595,3560.0,201,,,266.0,普师
2024,10574,华南师范大学,3,历史学(师范),历,610.0,589,4625.0,201,,,128.0,普师
2024,10574,华南师范大学,1,特殊教育(师范),历,600.0,588,4747.0,201,,,3.0,普师
2024,10574,华南师范大学,4,英语(师范),历,616.0,587,4846.0,201,,,126.0,普师
2024,10574,华南师范大学,2,教育学(师范),历,596.0,587,4950.0,201,,,23.0,普师
2024,10574,华南师范大学,8,地理科学(师范),历+地,609.0,595,3707.0,202,,,21.0,普师
2024,10574,华南师范大学,7,思想政治教育(师范),历+政,612.0,593,3948.0,203,,,82.0,普师
2024,10574,华南师范大学,32,新闻学,历,593.0,590,4447.0,204,,,4.0,
2024,10574,华南师范大学,9,日语,历,586.0,585,5307.0,204,,,2.0,
2024,10574,华南师范大学,12,英语,历,590.0,584,5517.0,204,,,20.0,
2024,10574,华南师范大学,11,俄语,历,583.0,578,6627.0,204,,,8.0,
2024,10574,华南师范大学,10,翻译,历,589.0,578,6766.0,204,,,18.0,
2024,10574,华南师范大学,13,社会工作,历,588.0,576,7158.0,204,,,6.0,
2024,10574,华南师范大学,17,哲学,历,607.0,575,7329.0,204,,,38.0,
2024,10574,华南师范大学,31,传播学,历,595.0,575,7345.0,204,,,26.0,
2024,10574,华南师范大学,33,法学,历,605.0,588,4689.0,205,,,92.0,
2024,10574,华南师范大学,26,会计学,历,602.0,588,4728.0,205,,,19.0,
2024,10574,华南师范大学,27,财务管理,历,590.0,580,6340.0,205,,,22.0,
2024,10574,华南师范大学,23,经济学,历,592.0,580,6359.0,205,,,21.0,
2024,10574,华南师范大学,14,行政管理,历,588.0,579,6502.0,205,,,21.0,
2024,10574,华南师范大学,24,金融学,历,591.0,578,6725.0,205,,,20.0,
2024,10574,华南师范大学,28,人力资源管理,历,588.0,576,7169.0,205,,,17.0,
2024,10574,华南师范大学,15,公共事业管理,历,589.0,575,7299.0,205,,,24.0,
2024,10574,华南师范大学,30,电子商务,历,584.0,575,7437.0,205,,,23.0,
2024,10574,华南师范大学,29,物流管理,历,584.0,574,7529.0,205,,,17.0,
2024,10574,华南师范大学,20,旅游管理,历,582.0,574,7615.0,205,,,58.0,
2024,10574,华南师范大学,180,地理信息科学,历+地,598.0,589,4594.0,206,,,5.0,
2024,10574,华南师范大学,19,人文地理与城乡规划,历+地,592.0,586,5068.0,206,,,10.0,
2024,10574,华南师范大学,16,马克思主义理论,历+政,601.0,586,5155.0,207,,,47.0,
2024,10574,华南师范大学,18,政治学与行政学,历+政,591.0,585,5333.0,207,,,25.0,
2024,10574,华南师范大学,45,法语,历,583.0,569,8958.0,214,,,20.0,与法国蔚蓝海岸大学、法国图尔大学联合培养项目
2024,10574,华南师范大学,42,金融学(中外合作办学),历,579.0,570,8726.0,215,,,30.0,中外合作
2024,10357,安徽大学,1,汉语言文学,历,589.0,577,6940.0,201,,,4.0,
2024,10357,安徽大学,2,新闻传播学类,历,580.0,572,8108.0,201,,,5.0,新闻学、广播电视学、编辑出版学、网络与新媒体
2024,10357,安徽大学,6,西班牙语,历,574.0,571,8351.0,201,,,2.0,
2024,10357,安徽大学,3,经济学,历,573.0,570,8615.0,201,,,4.0,
2024,10357,安徽大学,5,旅游管理,历,572.0,570,8615.0,201,,,3.0,
2024,10357,安徽大学,4,工商管理类,历,577.0,569,8878.0,201,,,3.0,会计学、工商管理、市场营销、人力资源管理
2024,10300,南京信息工程大学,7,英语,历,562.0,560,11295.0,201,,,2.0,
2024,10300,南京信息工程大学,6,日语,历,557.0,543,17254.0,202,,,3.0,
2024,10300,南京信息工程大学,8,汉语言文学(师范),历,575.0,574,7644.0,203,,,2.0,普师
2024,10300,南京信息工程大学,4,法学,历,573.0,573,7874.0,203,,,2.0,
2024,10300,南京信息工程大学,1,工商管理类,历,571.0,568,9123.0,203,,,3.0,会计学、财务管理、人力资源管理
2024,10300,南京信息工程大学,2,国际经济与贸易,历,569.0,566,9603.0,203,,,2.0,
2024,10300,南京信息工程大学,3,供应链管理,历,565.0,565,9851.0,203,,,2.0,
2024,10300,南京信息工程大学,5,行政管理,历,565.0,563,10428.0,203,,,3.0,
2024,10039,中国消防救援学院,1,思想政治教育(消防救援),历+政,545.0,545,16471.0,101,,,1.0,男
2024,10039,中国消防救援学院,2,思想政治教育(消防救援),历+政,583.0,583,5698.0,102,,,1.0,女
2024,10022,北京林业大学,11,法学,历,589.0,580,6392.0,201,,,2.0,
2024,10022,北京林业大学,10,农林经济管理(梁希实验班),历,577.0,577,7046.0,201,,,1.0,
2024,10022,北京林业大学,8,国际经济与贸易,历,579.0,576,7288.0,201,,,2.0,
2024,10022,北京林业大学,12,英语,历,578.0,576,7288.0,201,,,2.0,
2024,10022,北京林业大学,9,工商管理类,历,585.0,575,7528.0,201,,,5.0,会计学、工商管理、市场营销、人力资源管理、物业管理
2024,10022,北京林业大学,13,商务英语,历,576.0,575,7528.0,201,,,1.0,
2024,10022,北京林业大学,14,风景园林(梁希实验班),历,597.0,597,3423.0,202,,,1.0,
2024,10022,北京林业大学,5,风景园林,历,584.0,581,6198.0,202,,,2.0,
2024,10022,北京林业大学,7,城乡规划(5年),历,580.0,580,6392.0,202,,,1.0,
2024,10022,北京林业大学,4,自然地理与资源环境,历+地,586.0,576,7288.0,205,,,3.0,
2024,10022,北京林业大学,6,园林,历+生,598.0,580,6392.0,206,,,2.0,
2024,10047,中央美术学院,12,艺术史论,历,,605,2413.0,201,,,1.0,
2024,10047,中央美术学院,13,艺术管理,历,,587,4927.0,201,,,2.0,
2024,10047,中央美术学院,14,艺术教育,历,,582,5895.0,201,,,1.0,
2024,10047,中央美术学院,15,艺术管理(中外合作办学),历,,573,7874.0,202,,,2.0,中外合作
2024,10047,中央美术学院,16,艺术史论(中外合作办学),历,,570,8615.0,202,,,2.0,中外合作
2024,10542,湖南师范大学,9,汉语言文学(师范),历,598.0,583,5698.0,201,,,5.0,普师
2024,10542,湖南师范大学,12,文物与博物馆学,历,582.0,581,6094.0,201,,,2.0,
2024,10542,湖南师范大学,14,法学,历,594.0,580,6296.0,201,,,6.0,
2024,10542,湖南师范大学,10,历史学(师范),历,585.0,579,6495.0,201,,,6.0,普师
2024,10542,湖南师范大学,15,会计学,历,578.0,578,6715.0,201,,,2.0,
2024,10542,湖南师范大学,18,哲学,历,575.0,575,7409.0,201,,,3.0,
2024,10542,湖南师范大学,13,小学教育(师范),历,577.0,574,7644.0,201,,,2.0,普师
2024,10542,湖南师范大学,16,社会学,历,578.0,574,7644.0,201,,,3.0,
2024,10542,湖南师范大学,11,文化产业管理,历,576.0,574,7644.0,201,,,2.0,
2024,10542,湖南师范大学,22,外国语言文学类,历,585.0,574,7644.0,201,,,7.0,英语、俄语、德语、法语、西班牙语、阿拉伯语、日语、朝鲜语、葡萄牙语、翻译
2024,10542,湖南师范大学,23,新闻传播学类,历,588.0,574,7644.0,201,,,7.0,新闻学、编辑出版学、广告学、网络与新媒体
2024,10542,湖南师范大学,21,旅游管理类,历,578.0,573,7874.0,201,,,8.0,旅游管理、酒店管理、会展经济与管理
2024,10542,湖南师范大学,7,特殊教育(师范),历,592.0,591,4273.0,202,,,2.0,普师
2024,10542,湖南师范大学,8,学前教育(师范),历,585.0,578,6715.0,202,,,2.0,普师
2024,10542,湖南师范大学,20,经济学,历,585.0,583,5698.0,203,,,2.0,
2024,10542,湖南师范大学,17,思想政治教育(师范),历+政,589.0,586,5107.0,204,,,2.0,普师
2024,10542,湖南师范大学,19,政治学与行政学,历+政,585.0,584,5497.0,204,,,2.0,
2024,10307,南京农业大学,2,农林经济管理,历,592.0,587,4927.0,201,,,2.0,
2024,10307,南京农业大学,6,社会学类,历,578.0,575,7409.0,201,,,3.0,法学、社会学、农村区域发展、旅游管理
2024,10307,南京农业大学,3,工商管理类,历,575.0,575,7409.0,201,,,2.0,工商管理、市场营销、电子商务
2024,10307,南京农业大学,4,公共管理类,历,579.0,574,7644.0,201,,,2.0,土地资源管理、人力资源管理、劳动与社会保障、行政管理
2024,10307,南京农业大学,5,英语,历,575.0,574,7644.0,201,,,2.0,
2024,10038,首都经济贸易大学,1,贸易经济,历,572.0,571,8475.0,201,,,4.0,
2024,10151,大连海事大学,8,法学,历,,595,3709.0,201,,,3.0,
2024,10151,大连海事大学,7,海事管理,历,,583,5801.0,201,,,3.0,
2024,10151,大连海事大学,5,经济学类,历,,572,8226.0,201,,,4.0,经济学、国际经济与贸易
2024,10151,大连海事大学,6,公共管理类,历,,571,8475.0,201,,,3.0,公共事业管理、行政管理、社会工作
2024,10151,大连海事大学,4,工商管理类,历,,571,8475.0,201,,,6.0,工商管理、财务管理
2024,10151,大连海事大学,9,英语,历,,570,8754.0,201,,,3.0,
2024,10151,大连海事大学,10,法学(中外合作办学),历,,591,4355.0,202,,,1.0,中外合作
2024,12121,南方医科大学,33,法学,历,571.0,559,11614.0,205,,,20.0,培养卫生法学人才
2024,12121,南方医科大学,34,应用心理学,历,576.0,554,13221.0,205,,,33.0,
2024,12121,南方医科大学,75,外国语言文学类,历,558.0,550,14586.0,205,,,11.0,英语、翻译
2024,12121,南方医科大学,35,公共事业管理,历,574.0,550,14586.0,205,,,18.0,
2024,12121,南方医科大学,36,健康服务与管理,历,601.0,550,14586.0,205,,,18.0,
2024,10312,南京医科大学,1,公共事业管理,历,562.0,562,10728.0,201,,,1.0,
2024,10635,西南大学,2,历史学(国家公费师范生),历,601.0,601,2945.0,101,,,1.0,公师
2024,10635,西南大学,1,汉语言文学(国家公费师范生),历,604.0,599,3181.0,101,,,5.0,公师
2024,10635,西南大学,4,特殊教育(国家公费师范生),历,604.0,604,2582.0,102,,,1.0,公师
2024,10635,西南大学,5,地理科学(国家公费师范生),历+地,608.0,608,2097.0,103,,,1.0,公师
2024,10635,西南大学,3,思想政治教育(国家公费师范生),历+政,602.0,599,3181.0,104,,,2.0,公师
2024,10635,西南大学,18,英语,历,590.0,590,4523.0,201,,,1.0,
2024,10635,西南大学,20,德语,历,583.0,583,5801.0,202,,,1.0,
2024,10635,西南大学,25,新闻学,历,583.0,583,5801.0,202,,,1.0,
2024,10635,西南大学,22,工商管理类,历,582.0,582,5988.0,202,,,1.0,工商管理、会计学、人力资源管理、旅游管理
2024,10635,西南大学,24,公共管理类,历,582.0,582,5988.0,202,,,1.0,行政管理、文化产业管理、社会工作
2024,10635,西南大学,19,俄语,历,579.0,579,6596.0,202,,,1.0,
2024,10635,西南大学,23,经济学类,历,579.0,579,6596.0,202,,,1.0,经济学、金融学
2024,10635,西南大学,21,日语,历,578.0,578,6832.0,202,,,1.0,
2024,10635,西南大学,26,戏剧影视文学,历,572.0,569,9000.0,203,,,2.0,
2024,10635,西南大学,27,广播电视编导,历,571.0,562,10884.0,203,,,3.0,
2024,10635,西南大学,28,经济学(中外合作办学),历,587.0,587,5015.0,204,,,1.0,中外合作
2024,10617,重庆邮电大学,1,广播电视编导,历,545.0,541,18225.0,201,,,3.0,该专业授予艺术学学位
2024,80002,华南师范大学(汕尾校区),156,小学教育(师范),历,586.0,571,8306.0,201,,,72.0,普师
2024,80002,华南师范大学(汕尾校区),160,学前教育(师范),历,571.0,565,9821.0,201,,,58.0,普师
2024,10403,南昌大学,4,英语,历,585.0,575,7528.0,201,,,2.0,
2024,10403,南昌大学,3,广告学,历,579.0,574,7758.0,201,,,3.0,
2024,10403,南昌大学,2,汉语国际教育,历,576.0,574,7758.0,201,,,2.0,
2024,10403,南昌大学,5,工商管理,历,576.0,574,7758.0,202,,,3.0,
2024,10299,江苏大学,1,汉语言文学(师范),历,575.0,575,7409.0,201,,,1.0,普师
2024,10299,江苏大学,2,金融学,历,575.0,575,7409.0,201,,,1.0,
2024,10299,江苏大学,3,知识产权,历,573.0,573,7874.0,201,,,2.0,
2024,10749,宁夏大学,2,法学,历,586.0,564,10135.0,201,,,5.0,
2024,10749,宁夏大学,3,汉语言文学,历,565.0,564,10135.0,201,,,3.0,
2024,11646,宁波大学,2,法学类,历,588.0,585,5299.0,201,,,3.0,法学、法学(英语特色班)
2024,11646,宁波大学,3,英语,历,581.0,573,7874.0,202,,,3.0,
2024,11646,宁波大学,4,德语,历,575.0,572,8108.0,202,,,3.0,
2024,10710,长安大学,6,新闻传播学类,历,574.0,574,7644.0,201,,,1.0,新闻学、汉语言文学
2024,10710,长安大学,3,工商管理类,历,573.0,572,8108.0,201,,,2.0,工商管理、市场营销、会计学
2024,10710,长安大学,4,建筑类(5年),历,574.0,572,8108.0,201,,,2.0,建筑学、城乡规划、风景园林
2024,10710,长安大学,5,公共管理类,历,572.0,572,8108.0,201,,,1.0,公共事业管理、行政管理
2024,10710,长安大学,2,物流管理,历,571.0,571,8351.0,201,,,1.0,
2024,19635,西南大学(荣昌校区),2,国际经济与贸易,历,582.0,582,5988.0,201,,,1.0,
2024,19635,西南大学(荣昌校区),1,市场营销,历,579.0,579,6596.0,201,,,1.0,
2024,19635,西南大学(荣昌校区),3,物流管理,历,576.0,576,7288.0,201,,,1.0,
2024,10589,海南大学,5,英语,历,578.0,572,8226.0,201,,,2.0,
2024,10589,海南大学,13,法学,历,588.0,582,5988.0,202,,,2.0,
2024,10589,海南大学,11,戏剧影视文学,历,574.0,574,7758.0,202,,,2.0,
2024,10589,海南大学,10,旅游管理,历,575.0,573,7989.0,202,,,2.0,
2024,10589,海南大学,6,会计学,历,574.0,572,8226.0,203,,,2.0,
2024,10589,海南大学,9,行政管理,历,571.0,570,8754.0,203,,,2.0,
2024,10589,海南大学,7,工商管理,历,571.0,570,8754.0,203,,,2.0,
2024,10589,海南大学,3,国际经济与贸易,历,570.0,570,8754.0,203,,,2.0,
2024,10589,海南大学,2,金融学,历,571.0,568,9245.0,203,,,2.0,
2024,10589,海南大学,8,农林经济管理,历,569.0,568,9245.0,203,,,2.0,
2024,10589,海南大学,15,行政管理(中外合作办学),历,552.0,539,19040.0,204,,,4.0,中外合作
2024,10589,海南大学,17,会展经济与管理(中外合作办学),历,536.0,522,26767.0,204,,,3.0,中外合作
2024,10589,海南大学,16,酒店管理(中外合作办学),历,550.0,517,29314.0,204,,,6.0,中外合作
2024,10589,海南大学,14,人文地理与城乡规划(中外合作办学),历+地,541.0,516,29897.0,205,,,3.0,中外合作
2024,10589,海南大学,4,思想政治教育,历+政,579.0,577,7046.0,206,,,2.0,
2024,10589,海南大学,12,传播学,历+政,572.0,570,8754.0,206,,,2.0,
2024,10291,南京工业大学,5,金融学,历,,547,15672.0,201,,,2.0,
2024,10291,南京工业大学,4,市场营销,历,,540,18420.0,201,,,3.0,
2024,10291,南京工业大学,9,工商管理,历,,540,18420.0,201,,,3.0,
2024,10291,南京工业大学,6,行政管理,历,,538,19238.0,201,,,2.0,
2024,10291,南京工业大学,10,英语,历,,536,20102.0,201,,,2.0,
2024,14655,深圳技术大学,38,财务管理,历,576.0,557,12386.0,204,,,22.0,
2024,14655,深圳技术大学,36,国际商务,历,564.0,547,15786.0,204,,,62.0,
2024,14655,深圳技术大学,17,物流管理,历,563.0,544,16905.0,204,,,30.0,
2024,14655,深圳技术大学,44,英语,历,565.0,544,17019.0,204,,,37.0,
2024,14655,深圳技术大学,42,德语,历,567.0,544,17041.0,204,,,18.0,
2024,14655,深圳技术大学,40,市场营销,历,562.0,543,17168.0,204,,,35.0,
2024,14655,深圳技术大学,46,商务英语,历,567.0,543,17317.0,204,,,42.0,
2024,10264,上海海洋大学,2,会计学,历,,556,12741.0,201,,,3.0,
2024,10264,上海海洋大学,3,金融学,历,,556,12741.0,201,,,3.0,
2024,10264,上海海洋大学,1,国际经济与贸易,历,,554,13388.0,201,,,3.0,
2024,10264,上海海洋大学,4,市场营销(中外合作办学),历,,530,22904.0,202,,,10.0,中外合作
2024,10140,辽宁大学,11,英语,历,569.0,569,9000.0,201,,,2.0,
2024,10140,辽宁大学,21,英语,历,568.0,563,10571.0,202,,,2.0,与英国萨塞克斯大学“2+2”联合培养项目
2024,10140,辽宁大学,1,汉语言文学,历,577.0,576,7288.0,203,,,2.0,
2024,10140,辽宁大学,13,纪检监察,历,574.0,574,7758.0,203,,,1.0,
2024,10140,辽宁大学,10,会计学,历,580.0,573,7989.0,203,,,2.0,
2024,10140,辽宁大学,2,历史学,历,576.0,569,9000.0,203,,,4.0,
2024,10140,辽宁大学,3,新闻学,历,570.0,567,9490.0,203,,,2.0,
2024,10140,辽宁大学,8,国际经济与贸易,历,570.0,566,9715.0,203,,,3.0,
2024,10140,辽宁大学,5,经济学类,历,569.0,565,9986.0,203,,,4.0,经济学、国民经济管理
2024,10140,辽宁大学,4,编辑出版学,历,567.0,564,10283.0,203,,,3.0,
2024,10140,辽宁大学,6,财政学,历,567.0,564,10283.0,203,,,3.0,
2024,10140,辽宁大学,7,金融学类,历,566.0,564,10283.0,203,,,4.0,金融学、保险学
2024,10140,辽宁大学,9,朝鲜语,历,566.0,563,10571.0,203,,,3.0,
2024,10140,辽宁大学,12,汉语国际教育,历,565.0,563,10571.0,203,,,3.0,
2024,10140,辽宁大学,20,新闻学,历,549.0,545,16647.0,204,,,3.0,与美国田纳西大学“2+2”联合培养项目
2024,10140,辽宁大学,14,会计学(中外合作办学),历,555.0,552,14042.0,205,,,2.0,中外合作
2024,10140,辽宁大学,15,市场营销(中外合作办学),历,541.0,541,18225.0,206,,,1.0,中外合作
2024,10140,辽宁大学,16,工商管理(中外合作办学),历,551.0,551,14392.0,207,,,1.0,中外合作
2024,10140,辽宁大学,17,会计学(中外合作办学),历,566.0,566,9715.0,208,,,1.0,中外合作
2024,10140,辽宁大学,18,金融学(中外合作办学),历,561.0,555,13053.0,209,,,2.0,中外合作
2024,10140,辽宁大学,19,国际商务(中外合作办学),历,551.0,545,16647.0,210,,,3.0,中外合作
2024,11835,上海政法学院,16,翻译,历,562.0,559,11614.0,201,,,3.0,
2024,11835,上海政法学院,4,法学,历,581.0,577,6940.0,202,,,3.0,培养民商法人才
2024,11835,上海政法学院,7,法学,历,579.0,576,7168.0,202,,,2.0,培养经济法人才
2024,11835,上海政法学院,5,法学,历,574.0,574,7644.0,202,,,1.0,培养调解人才
2024,11835,上海政法学院,3,法学,历,579.0,573,7874.0,202,,,3.0,培养刑事司法人才
2024,11835,上海政法学院,8,法学,历,576.0,571,8351.0,202,,,2.0,培养国际经济法人才
2024,11835,上海政法学院,6,法学,历,570.0,570,8615.0,202,,,1.0,培养体育法人才
2024,11835,上海政法学院,9,知识产权,历,573.0,570,8615.0,202,,,2.0,
2024,11835,上海政法学院,15,社会工作,历,571.0,569,8878.0,202,,,2.0,卓越社会管理人才培养试点班
2024,11835,上海政法学院,17,汉语言文学,历,572.0,569,8878.0,202,,,2.0,培养文化创意产业人才
2024,11835,上海政法学院,18,汉语国际教育,历,569.0,569,8878.0,202,,,2.0,
2024,11835,上海政法学院,10,审计学,历,569.0,568,9123.0,202,,,2.0,
2024,11835,上海政法学院,11,电子商务及法律,历,568.0,566,9603.0,202,,,3.0,
2024,11835,上海政法学院,12,行政管理,历,568.0,566,9603.0,202,,,3.0,
2024,11835,上海政法学院,13,劳动与社会保障,历,567.0,566,9603.0,202,,,2.0,
2024,11835,上海政法学院,14,社会学,历,566.0,565,9851.0,202,,,2.0,
2024,11835,上海政法学院,1,法学(涉外卓越法律人才培养创新班),历,588.0,583,5698.0,203,,,2.0,
2024,11835,上海政法学院,2,法学(涉外卓越律师人才培养试点班),历,583.0,581,6094.0,203,,,2.0,
2024,11276,南京工程学院,2,国际经济与贸易,历,525.0,525,25052.0,201,,,2.0,
2024,11276,南京工程学院,3,社会工作,历,520.0,518,28511.0,201,,,3.0,
2024,10184,延边大学,2,朝鲜语,历,550.0,524,25550.0,201,,,6.0,
2024,10225,东北林业大学,4,法学,历,572.0,571,8475.0,201,,,2.0,
2024,10225,东北林业大学,5,广告学,历,569.0,569,9000.0,201,,,1.0,
2024,10225,东北林业大学,3,工商管理类,历,567.0,560,11454.0,201,,,2.0,工商管理、市场营销、会计学、农林经济管理
2024,10225,东北林业大学,2,风景园林,历,558.0,558,12086.0,201,,,1.0,
2024,10564,华南农业大学,201,思想政治教育,历+政,585.0,567,9437.0,201,,,82.0,
2024,10564,华南农业大学,202,农林经济管理(丁颖创新班),历,586.0,577,6935.0,202,,,10.0,
2024,10564,华南农业大学,204,会计学,历,585.0,572,8058.0,202,,,30.0,
2024,10564,华南农业大学,203,农林经济管理(乡村振兴),历,576.0,570,8487.0,202,,,15.0,
2024,10564,华南农业大学,206,金融学,历,586.0,567,9430.0,202,,,30.0,
2024,10564,华南农业大学,208,经济学,历,572.0,566,9550.0,202,,,30.0,
2024,10564,华南农业大学,205,会计学,历,577.0,564,10165.0,202,,,60.0,ACCA 创新实验班
2024,10564,华南农业大学,209,工商管理,历,572.0,560,11227.0,202,,,55.0,
2024,10564,华南农业大学,207,金融学,历,572.0,558,11846.0,202,,,60.0,CFA创新实验班
2024,10564,华南农业大学,210,市场营销,历,574.0,558,12026.0,202,,,29.0,
2024,10564,华南农业大学,211,人力资源管理,历,572.0,557,12206.0,202,,,63.0,
2024,10564,华南农业大学,212,法学,历,587.0,571,8258.0,203,,,180.0,
2024,10564,华南农业大学,213,汉语言文学,历,586.0,570,8675.0,203,,,205.0,
2024,10564,华南农业大学,214,历史学,历,586.0,565,9893.0,203,,,120.0,
2024,10564,华南农业大学,215,英语,历,575.0,551,14266.0,203,,,244.0,
2024,10564,华南农业大学,216,日语,历,569.0,551,14364.0,203,,,64.0,
2024,10564,华南农业大学,218,旅游管理,历,569.0,551,14369.0,203,,,36.0,
2024,10564,华南农业大学,217,广播电视编导,历,568.0,551,14376.0,203,,,50.0,
2024,10564,华南农业大学,223,土地资源管理,历,570.0,549,14840.0,205,,,102.0,
2024,10564,华南农业大学,219,公共事业管理,历,564.0,548,15231.0,205,,,65.0,
2024,10564,华南农业大学,220,行政管理,历,568.0,548,15351.0,205,,,125.0,
2024,10564,华南农业大学,222,劳动与社会保障,历,564.0,547,15735.0,205,,,45.0,
2024,10564,华南农业大学,221,社会工作,历,580.0,546,15923.0,205,,,115.0,
2024,10564,华南农业大学,228,园林,历+生,571.0,563,10300.0,206,,,5.0,
2024,10564,华南农业大学,224,建筑学(5年),历,571.0,550,14613.0,207,,,15.0,
2024,10564,华南农业大学,227,风景园林,历,574.0,549,14850.0,207,,,47.0,
2024,10564,华南农业大学,225,城乡规划(乡村振兴),历,572.0,548,15146.0,207,,,20.0,
2024,10564,华南农业大学,226,城乡规划,历,571.0,547,15720.0,207,,,50.0,
2024,10564,华南农业大学,229,地理信息科学,历+化,568.0,551,14390.0,208,,,5.0,
2024,10564,华南农业大学,262,会计学,历,547.0,514,30739.0,209,,,95.0,国际班
2024,10564,华南农业大学,263,风景园林,历,548.0,512,31805.0,209,,,25.0,国际班
2024,10564,华南农业大学,261,金融学,历,564.0,512,31824.0,209,,,90.0,国际班
2024,10673,云南大学,13,历史学,历,592.0,592,4025.0,201,,,1.0,
2024,10673,云南大学,15,档案学,历,573.0,573,7759.0,201,,,1.0,
2024,10673,云南大学,10,法语,历,572.0,572,7990.0,201,,,1.0,
2024,10673,云南大学,14,公共事业管理,历,572.0,572,7990.0,201,,,1.0,
2024,10673,云南大学,9,英语,历,572.0,571,8227.0,201,,,2.0,
2024,10673,云南大学,16,越南语,历,570.0,568,9001.0,201,,,2.0,
2024,10673,云南大学,8,汉语言文学,历,576.0,568,9001.0,201,,,5.0,
2024,10673,云南大学,4,法学,历+政,595.0,586,5016.0,202,,,3.0,
2024,10673,云南大学,11,新闻学,历+政,582.0,582,5802.0,202,,,1.0,
2024,10673,云南大学,5,政治学与行政学,历+政,580.0,580,6199.0,202,,,1.0,
2024,10673,云南大学,12,广播电视学,历+政,576.0,576,7047.0,202,,,1.0,
2024,10673,云南大学,7,民族学,历+地+政,594.0,594,3710.0,203,,,1.0,
2024,10673,云南大学,6,社会学,历+地+政,573.0,573,7759.0,203,,,1.0,
2024,19359,合肥工业大学(宣城校区),2,英语,历,571.0,570,8615.0,201,,,2.0,
2024,19359,合肥工业大学(宣城校区),3,网络与新媒体,历+政,570.0,567,9368.0,202,,,4.0,
2024,10615,西南石油大学,12,英语,历,571.0,549,14941.0,201,,,2.0,
2024,10615,西南石油大学,13,俄语,历,538.0,536,20102.0,202,,,2.0,
2024,10615,西南石油大学,10,法学,历,563.0,561,11010.0,203,,,3.0,
2024,10615,西南石油大学,9,社会工作,历,559.0,555,12898.0,203,,,3.0,
2024,10615,西南石油大学,7,经济学,历,554.0,553,13543.0,204,,,2.0,
2024,10615,西南石油大学,8,会计学,历,554.0,550,14586.0,204,,,3.0,
2024,10615,西南石油大学,6,市场营销,历,554.0,547,15672.0,204,,,2.0,
2024,10615,西南石油大学,11,思想政治教育,历+政,567.0,554,13221.0,205,,,4.0,
2024,10615,西南石油大学,5,广播电视编导,历,537.0,523,26045.0,212,,,5.0,
2024,10570,广州医科大学,27,护理学,历+化,,441,83666.0,203,,,42.0,
2024,10570,广州医科大学,30,法学,历,,546,16163.0,204,,,41.0,
2024,10570,广州医科大学,28,应用心理学,历,,543,17401.0,204,,,51.0,
2024,10570,广州医科大学,29,公共事业管理,历,,539,18982.0,204,,,88.0,
2024,10173,东北财经大学,6,日语,历,554.0,545,16471.0,201,,,2.0,
2024,10173,东北财经大学,7,会计学,历,591.0,591,4273.0,202,,,1.0,培养注册会计师人才
2024,10173,东北财经大学,8,会计学,历,585.0,585,5299.0,202,,,1.0,培养国际会计人才
2024,10173,东北财经大学,9,财务管理,历,576.0,576,7168.0,202,,,1.0,
2024,10173,东北财经大学,2,财政学类,历,574.0,574,7644.0,202,,,1.0,财政学、税收学
2024,10173,东北财经大学,3,金融学类,历,573.0,573,7874.0,202,,,1.0,金融学、投资学
2024,10173,东北财经大学,1,经济学,历,572.0,572,8108.0,202,,,1.0,
2024,10173,东北财经大学,5,法学,历,571.0,571,8351.0,202,,,1.0,
2024,10173,东北财经大学,4,国际经济与贸易,历,571.0,571,8351.0,202,,,1.0,
2024,10173,东北财经大学,12,经济学(中外合作办学),历,553.0,547,15672.0,203,,,2.0,中外合作
2024,10173,东北财经大学,13,金融学(中外合作办学),历,564.0,537,19663.0,204,,,4.0,中外合作
2024,10173,东北财经大学,14,会计学(中外合作办学),历,571.0,556,12572.0,205,,,3.0,中外合作
2024,10173,东北财经大学,15,会计学(中外合作办学),历,553.0,552,13870.0,206,,,2.0,中外合作
2024,10173,东北财经大学,10,工商管理(中外合作办学),历,537.0,536,20102.0,207,,,2.0,中外合作
2024,10173,东北财经大学,11,财务管理(中外合作办学),历,549.0,546,16081.0,208,,,2.0,中外合作
2024,10616,成都理工大学,1,英语,历,546.0,542,17624.0,201,,,2.0,
2024,10616,成都理工大学,2,翻译,历,542.0,542,17624.0,201,,,2.0,
2024,10616,成都理工大学,3,新闻传播学类,历,558.0,549,14941.0,202,,,3.0,广播电视学、广告学
2024,10616,成都理工大学,5,工商管理(中外合作办学),历,540.0,529,23156.0,203,,,3.0,中外合作
2024,10616,成都理工大学,4,旅游管理,历+地,536.0,532,21784.0,204,,,3.0,
2024,10254,上海海事大学,7,法学,历,579.0,562,10728.0,201,,,2.0,培养海商法人才
2024,10254,上海海事大学,3,交通管理(国航),历,565.0,556,12572.0,201,,,2.0,
2024,10254,上海海事大学,4,国际经济与贸易,历,553.0,550,14586.0,201,,,2.0,
2024,10254,上海海事大学,5,外国语言文学类,历,556.0,548,15290.0,201,,,2.0,翻译、商务英语、英语
2024,10254,上海海事大学,6,法语,历,549.0,547,15672.0,201,,,2.0,
2024,10277,上海体育大学,4,新闻学,历,563.0,555,12898.0,201,,,4.0,
2024,11846,广东外语外贸大学,2,汉语言文学(师范),历,586.0,568,9180.0,201,,,63.0,普师
2024,11846,广东外语外贸大学,1,中国语言文学类,历,582.0,555,12948.0,201,,,116.0,汉语言文学、汉语言
2024,11846,广东外语外贸大学,3,汉语国际教育(师范),历,580.0,554,13097.0,201,,,58.0,普师
2024,11846,广东外语外贸大学,5,新闻学,历,577.0,554,13256.0,201,,,24.0,全媒体国际传播创新班
2024,11846,广东外语外贸大学,4,新闻传播学类,历,578.0,554,13341.0,201,,,79.0,新闻学、网络与新媒体
2024,11846,广东外语外贸大学,11,西班牙语(国贸双学士学位),历,601.0,574,7633.0,202,,,9.0,培养“西班牙语-国际经济与贸易”双学士学位复合型人才
2024,11846,广东外语外贸大学,10,法语(国贸双学士学位),历,579.0,571,8427.0,202,,,7.0,培养“法语-国际经济与贸易”双学士学位复合型人才
2024,11846,广东外语外贸大学,12,德语(国贸双学士学位),历,574.0,570,8725.0,202,,,9.0,培养“德语-国际经济与贸易”双学士学位复合型人才
2024,11846,广东外语外贸大学,13,俄语(国贸双学士学位),历,575.0,567,9268.0,202,,,7.0,培养“俄语-国际经济与贸易”双学士学位复合型人才
2024,11846,广东外语外贸大学,14,意大利语(国贸双学士学位),历,568.0,567,9369.0,202,,,4.0,培养“意大利语-国际经济与贸易”双学士学位复合型人才
2024,11846,广东外语外贸大学,16,日语(国贸双学士学位),历,575.0,561,11001.0,202,,,18.0,培养“日语-国际经济与贸易”双学士学位复合型人才
2024,11846,广东外语外贸大学,9,商务英语,历,577.0,561,11014.0,202,,,10.0,
2024,11846,广东外语外贸大学,8,翻译,历,571.0,560,11371.0,202,,,12.0,
2024,11846,广东外语外贸大学,6,英语,历,579.0,555,13041.0,202,,,72.0,
2024,11846,广东外语外贸大学,7,英语(师范),历,583.0,552,13733.0,202,,,200.0,普师
2024,11846,广东外语外贸大学,15,朝鲜语(金融学双学士学位),历,560.0,552,13794.0,202,,,13.0,培养“朝鲜语-金融学”双学士学位复合型人才
2024,11846,广东外语外贸大学,17,教育学,历,576.0,552,13797.0,202,,,42.0,
2024,11846,广东外语外贸大学,21,商务英语(数经双学士学位),历,576.0,557,12195.0,203,,,34.0,培养“商务英语-数字经济”双学士学位复合型人才
2024,11846,广东外语外贸大学,18,经济学,历,574.0,557,12320.0,203,,,27.0,
2024,11846,广东外语外贸大学,20,财政学类,历,573.0,553,13472.0,203,,,58.0,财政学、税收学
2024,11846,广东外语外贸大学,19,国际经济与贸易,历,574.0,552,13798.0,203,,,74.0,
2024,11846,广东外语外贸大学,22,金融学类,历,567.0,550,14555.0,203,,,97.0,金融学、保险学
2024,11846,广东外语外贸大学,24,商务英语(法学双学士学位),历,587.0,571,8272.0,204,,,34.0,培养“商务英语-法学”双学士学位复合型人才
2024,11846,广东外语外贸大学,23,法学,历,589.0,571,8292.0,204,,,158.0,
2024,11846,广东外语外贸大学,25,工商管理类,历,586.0,561,10899.0,204,,,176.0,会计学、财务管理、审计学
2024,11846,广东外语外贸大学,26,国际商务,历,574.0,560,11346.0,204,,,30.0,CGMA 创新班
2024,11846,广东外语外贸大学,29,工商管理,历,562.0,559,11474.0,204,,,9.0,商务智能创新班
2024,11846,广东外语外贸大学,28,工商管理,历,566.0,558,12009.0,204,,,15.0,国际化管理创新班
2024,11846,广东外语外贸大学,31,应用心理学,历,570.0,557,12167.0,204,,,14.0,
2024,11846,广东外语外贸大学,27,工商管理类,历,570.0,557,12239.0,204,,,30.0,工商管理、市场营销、人力资源管理
2024,11846,广东外语外贸大学,30,供应链管理,历,575.0,557,12256.0,204,,,35.0,
2024,11846,广东外语外贸大学,32,政治学类,历+政,577.0,556,12443.0,205,,,49.0,国际政治、外交学、国际组织与全球治理
2024,11846,广东外语外贸大学,33,翻译(合作办学),历,548.0,532,21651.0,206,,,40.0,
2024,11845,广东工业大学,1,日语,历,,535,20562.0,200,,,30.0,
2024,11845,广东工业大学,2,外国语言文学类,历,,533,21187.0,201,,,213.0,英语、翻译、商务英语
2024,11845,广东工业大学,3,土地资源管理,历,,541,18143.0,202,,,10.0,创新班
2024,11845,广东工业大学,4,土地资源管理,历,,535,20426.0,202,,,25.0,
2024,11845,广东工业大学,6,会计学,历,,543,17176.0,203,,,112.0,
2024,11845,广东工业大学,7,电子商务,历,,536,19971.0,203,,,43.0,
2024,11845,广东工业大学,5,工商管理类,历,,534,20729.0,203,,,241.0,工商管理、市场营销、人力资源管理
2024,11845,广东工业大学,8,法学,历,,549,14843.0,204,,,109.0,
2024,11845,广东工业大学,9,社会工作,历,,549,15037.0,204,,,10.0,
2024,11845,广东工业大学,10,经济学,历,,539,18639.0,205,,,43.0,
2024,11845,广东工业大学,11,国际经济与贸易,历,,535,20411.0,205,,,78.0,
2024,11845,广东工业大学,12,工商管理,历,,508,33806.0,261,,,39.0,国际班
2024,11845,广东工业大学,13,工商管理,历,,506,34934.0,261,,,25.0,中澳班
2024,11845,广东工业大学,14,英语,历,,502,37923.0,264,,,40.0,中英班
2024,11845,广东工业大学,15,会计学,历,,514,30698.0,266,,,30.0,中澳班
2024,11845,广东工业大学,16,法学,历,,529,23281.0,268,,,25.0,中澳班
2024,10224,东北农业大学,3,法学,历,574.0,569,9000.0,201,,,2.0,
2024,10224,东北农业大学,1,金融学类,历,567.0,565,9986.0,201,,,2.0,金融学、保险学、国际经济与贸易
2024,10224,东北农业大学,2,工商管理类,历,562.0,556,12741.0,202,,,5.0,工商管理、会计学、市场营销、人力资源管理
2024,10224,东北农业大学,4,工商管理,历,556.0,543,17440.0,203,,,2.0,中美121双学位项目
2024,10320,江苏师范大学,4,翻译,历,530.0,528,23624.0,201,,,2.0,
2024,10320,江苏师范大学,5,日语,历,527.0,526,24550.0,202,,,2.0,
2024,10320,江苏师范大学,6,西班牙语,历,532.0,528,23624.0,203,,,2.0,
2024,10320,江苏师范大学,3,汉语国际教育(师范),历,529.0,527,24072.0,204,,,2.0,普师
2024,10320,江苏师范大学,7,社会工作,历,527.0,526,24550.0,204,,,2.0,
2024,10320,江苏师范大学,8,物流管理,历,525.0,525,25052.0,204,,,2.0,
2024,10298,南京林业大学,2,英语,历,560.0,560,11295.0,201,,,2.0,
2024,10298,南京林业大学,4,法学,历,568.0,564,10135.0,202,,,2.0,
2024,10298,南京林业大学,3,日语,历,563.0,562,10728.0,202,,,2.0,
2024,10298,南京林业大学,1,新闻传播学类,历,565.0,562,10728.0,202,,,2.0,广播电视学、广告学
2024,11117,扬州大学,4,商务英语,历,543.0,539,18828.0,201,,,2.0,
2024,11117,扬州大学,7,历史学(师范),历,567.0,567,9368.0,202,,,1.0,普师
2024,11117,扬州大学,8,法学,历,560.0,557,12244.0,202,,,2.0,
2024,11117,扬州大学,6,会计学,历,555.0,555,12898.0,202,,,1.0,
2024,11117,扬州大学,5,金融学,历,555.0,555,12898.0,202,,,1.0,
2024,11117,扬州大学,3,小学教育(师范),历,555.0,555,12898.0,202,,,1.0,普师
2024,10702,西安工业大学,5,汉语言文学,历,539.0,533,21573.0,201,,,2.0,
2024,10702,西安工业大学,6,工商管理类,历,533.0,533,21573.0,201,,,2.0,市场营销、物流管理、人力资源管理、会计学
2024,10424,山东科技大学,1,英语,历,,531,22221.0,201,,,2.0,
2024,80003,广东工业大学(揭阳校区),151,电子商务,历,,522,26551.0,251,,,120.0,
2024,10560,汕头大学,1,汉语言文学,历,584.0,550,14586.0,201,,,107.0,
2024,10560,汕头大学,19,网络与新媒体,历,557.0,547,15672.0,201,,,7.0,培养视听传播人才
2024,10560,汕头大学,18,网络与新媒体,历,564.0,547,15672.0,201,,,7.0,培养网络传播人才
2024,10560,汕头大学,15,新闻学,历,552.0,544,16857.0,201,,,34.0,
2024,10560,汕头大学,2,英语,历,558.0,544,16857.0,201,,,50.0,
2024,10560,汕头大学,17,广告学,历,553.0,542,17624.0,201,,,32.0,
2024,10560,汕头大学,16,国际新闻与传播,历,548.0,542,17624.0,201,,,20.0,
2024,10560,汕头大学,3,西班牙语,历,551.0,542,17624.0,201,,,25.0,
2024,10560,汕头大学,5,法学,历,580.0,555,12898.0,202,,,35.0,涉外法务英语特色班
2024,10560,汕头大学,4,法学,历,574.0,554,13221.0,202,,,106.0,
2024,10560,汕头大学,14,会计学,历,555.0,552,13870.0,202,,,16.0,培养大数据管理会计人才
2024,10560,汕头大学,13,会计学,历,561.0,552,13870.0,202,,,25.0,培养智能会计人才
2024,10560,汕头大学,7,行政管理,历,554.0,547,15672.0,202,,,17.0,智慧城市特色班
2024,10560,汕头大学,8,国际经济与贸易,历,556.0,545,16471.0,202,,,45.0,
2024,10560,汕头大学,6,行政管理,历,553.0,545,16471.0,202,,,40.0,
2024,10560,汕头大学,12,市场营销,历,550.0,544,16857.0,202,,,13.0,培养大数据营销人才
2024,10560,汕头大学,11,工商管理,历,551.0,544,16857.0,202,,,27.0,培养大数据与商务智能人才
2024,10560,汕头大学,10,工商管理,历,551.0,544,16857.0,202,,,15.0,培养创业与创新管理人才
2024,10560,汕头大学,9,金融学,历,552.0,544,16857.0,202,,,52.0,培养国际金融、数字金融人才
2024,10059,中国民航大学,1,法学,历,562.0,562,10884.0,201,,,1.0,
2024,10059,中国民航大学,3,应用心理学,历,549.0,549,15103.0,201,,,1.0,
2024,10059,中国民航大学,7,航空安防管理,历,553.0,546,16293.0,201,,,1.0,
2024,10059,中国民航大学,4,工商管理类(航空运输管理),历,558.0,544,17066.0,201,,,8.0,经济与金融、工商管理、会计学、财务管理
2024,10059,中国民航大学,2,英语,历,550.0,544,17066.0,201,,,4.0,
2024,10059,中国民航大学,5,翻译,历,544.0,544,17066.0,201,,,1.0,
2024,10059,中国民航大学,6,思想政治教育,历+政,549.0,549,15103.0,204,,,1.0,
2024,10344,浙江中医药大学,3,英语,历,530.0,530,22677.0,201,,,1.0,
2024,10344,浙江中医药大学,4,国际商务,历,529.0,529,23156.0,202,,,1.0,
2024,10344,浙江中医药大学,2,健康服务与管理,历,529.0,529,23156.0,202,,,1.0,
2024,10344,浙江中医药大学,1,护理学,历+化,538.0,507,34627.0,203,,,2.0,
2024,11079,成都大学,7,网络与新媒体,历,548.0,547,15867.0,201,,,2.0,
2024,11079,成都大学,6,小学教育(师范),历,550.0,546,16293.0,201,,,2.0,普师
2024,11079,成都大学,4,法学,历+政,553.0,550,14778.0,203,,,2.0,
2024,11079,成都大学,5,社会工作,历+政,550.0,548,15476.0,203,,,2.0,
2024,11079,成都大学,8,广播电视编导,历,540.0,531,22448.0,216,,,3.0,
2024,10513,湖北师范大学,2,法学,历,538.0,533,21349.0,201,,,2.0,
2024,10513,湖北师范大学,3,教育学类(师范),历,539.0,533,21349.0,201,,,2.0,普师
2024,10755,新疆大学,6,俄语,历,557.0,557,12401.0,201,,,1.0,
2024,10755,新疆大学,3,法学,历,581.0,561,11134.0,202,,,2.0,教育部卓越法律人才教育培养基地
2024,10755,新疆大学,4,汉语言文学,历,561.0,561,11134.0,202,,,1.0,
2024,10755,新疆大学,7,汉语国际教育,历,558.0,558,12086.0,202,,,1.0,
2024,10755,新疆大学,2,行政管理,历,555.0,555,13053.0,202,,,1.0,
2024,10755,新疆大学,5,新闻传播学类,历,549.0,549,15103.0,202,,,1.0,广告学、新闻学
2024,10755,新疆大学,1,马克思主义理论,历+政,563.0,563,10571.0,203,,,1.0,
2024,11664,西安邮电大学,3,商务英语,历,536.0,529,23406.0,201,,,3.0,
2024,11664,西安邮电大学,4,网络与新媒体,历,543.0,528,23840.0,202,,,5.0,
2024,11664,西安邮电大学,1,电子商务,历,530.0,525,25306.0,202,,,6.0,
2024,11664,西安邮电大学,2,物流管理,历,526.0,520,27741.0,202,,,6.0,
2024,11482,浙江财经大学,3,会计学,历,570.0,570,8615.0,201,,,1.0,
2024,11482,浙江财经大学,1,财政学类,历,560.0,560,11295.0,201,,,1.0,财政学、税收学、国际税收
2024,11482,浙江财经大学,4,财务管理,历,556.0,556,12572.0,201,,,1.0,
2024,11482,浙江财经大学,5,审计学,历,556.0,556,12572.0,201,,,1.0,
2024,11482,浙江财经大学,6,金融学,历,555.0,555,12898.0,201,,,1.0,
2024,11482,浙江财经大学,2,城乡规划,历,553.0,553,13543.0,201,,,1.0,
2024,11482,浙江财经大学,8,工商管理类,历,556.0,553,13543.0,201,,,2.0,工商管理、人力资源管理、市场营销、供应链管理
2024,11482,浙江财经大学,9,会计学(中外合作办学),历,556.0,556,12572.0,202,,,1.0,中外合作
2024,11482,浙江财经大学,7,金融学(中外合作办学),历,543.0,542,17624.0,206,,,2.0,中外合作
2024,11482,浙江财经大学,10,市场营销(中外合作办学),历,530.0,509,33471.0,207,,,3.0,中外合作
2024,10094,河北师范大学,2,汉语言文学(师范),历,561.0,557,12244.0,201,,,3.0,普师
2024,10188,东北电力大学,2,思想政治教育,历+政,523.0,519,28247.0,201,,,3.0,
2024,10070,天津财经大学,8,会计学,历,564.0,564,10283.0,201,,,1.0,培养注册会计师人才
2024,10070,天津财经大学,9,会计学,历,558.0,558,12086.0,201,,,1.0,
2024,10070,天津财经大学,1,经济学,历,550.0,550,14778.0,201,,,1.0,
2024,10070,天津财经大学,2,财政学类,历,548.0,548,15476.0,201,,,1.0,财政学、税收学
2024,10070,天津财经大学,3,金融学类,历,547.0,546,16293.0,201,,,2.0,金融学、保险学、投资学、信用管理
2024,10070,天津财经大学,10,物流管理,历,544.0,543,17440.0,201,,,2.0,
2024,10070,天津财经大学,7,工商管理类,历,542.0,541,18225.0,201,,,2.0,工商管理、市场营销、人力资源管理
2024,10070,天津财经大学,5,法学,历,560.0,540,18614.0,201,,,3.0,
2024,10070,天津财经大学,6,广播电视学,历,540.0,539,19040.0,201,,,2.0,
2024,10070,天津财经大学,4,金融学(中外合作办学),历,532.0,530,22904.0,202,,,2.0,中外合作
2024,11078,广州大学,203,汉语言文学(师范),历,,568,9017.0,211,,,185.0,普师
2024,11078,广州大学,205,历史学(师范),历,,564,10003.0,211,,,60.0,普师
2024,11078,广州大学,202,特殊教育(师范),历,,562,10577.0,211,,,1.0,普师
2024,11078,广州大学,204,英语(师范),历,,561,11039.0,211,,,100.0,普师
2024,11078,广州大学,201,小学教育(师范),历,,560,11196.0,211,,,24.0,普师
2024,11078,广州大学,200,学前教育(师范),历,,560,11281.0,211,,,5.0,普师
2024,11078,广州大学,206,应用心理学(师范),历,,560,11288.0,211,,,29.0,普师
2024,11078,广州大学,208,地理科学(师范),历+地,,562,10727.0,212,,,20.0,普师
2024,11078,广州大学,207,地理科学,历+地,,560,11212.0,212,,,10.0,
2024,11078,广州大学,210,地理信息科学,历+地,,558,11902.0,212,,,13.0,
2024,11078,广州大学,209,人文地理与城乡规划,历+地,,558,11983.0,212,,,13.0,
2024,11078,广州大学,211,思想政治教育(师范),历+政,,562,10647.0,213,,,82.0,普师
2024,11078,广州大学,216,法学,历,,564,10141.0,214,,,137.0,数字法学
2024,11078,广州大学,219,汉语言文学,历,,560,11242.0,214,,,142.0,
2024,11078,广州大学,217,国际法,历,,560,11389.0,214,,,30.0,
2024,11078,广州大学,225,应用心理学,历,,554,13317.0,214,,,28.0,
2024,11078,广州大学,224,网络与新媒体,历,,552,13935.0,214,,,65.0,
2024,11078,广州大学,229,会计学,历,,552,13936.0,214,,,123.0,
2024,11078,广州大学,220,英语,历,,548,15128.0,214,,,77.0,
2024,11078,广州大学,213,经济学,历,,547,15785.0,214,,,34.0,
2024,11078,广州大学,215,国际经济与贸易,历,,545,16427.0,214,,,44.0,
2024,11078,广州大学,222,日语,历,,545,16545.0,214,,,19.0,
2024,11078,广州大学,218,社会学,历,,544,16839.0,214,,,51.0,
2024,11078,广州大学,221,法语,历,,544,16862.0,214,,,19.0,
2024,11078,广州大学,226,城乡规划(5年),历,,541,17957.0,214,,,12.0,
2024,11078,广州大学,231,物流管理,历,,541,17969.0,214,,,34.0,
2024,11078,广州大学,227,工商管理,历,,541,18010.0,214,,,60.0,
2024,11078,广州大学,212,广播电视编导,历,,541,18054.0,214,,,35.0,
2024,11078,广州大学,230,行政管理,历,,541,18084.0,214,,,49.0,
2024,11078,广州大学,233,旅游管理,历,,541,18091.0,214,,,6.0,含培养数字文旅、酒店管理、会展管理人才
2024,11078,广州大学,214,金融学,历,,541,18100.0,214,,,109.0,
2024,11078,广州大学,223,广播电视学,历,,541,18106.0,214,,,49.0,
2024,11078,广州大学,228,市场营销,历,,541,18132.0,214,,,26.0,
2024,11078,广州大学,232,电子商务,历,,541,18134.0,214,,,31.0,培养元宇宙智能决策与人机交互人才
2024,11660,重庆理工大学,4,商务英语,历,532.0,529,23156.0,201,,,2.0,
2024,11660,重庆理工大学,1,财务管理,历,541.0,536,20102.0,202,,,2.0,
2024,11660,重庆理工大学,3,物流管理,历,532.0,529,23156.0,202,,,2.0,
2024,11660,重庆理工大学,2,广告学,历,531.0,530,22677.0,203,,,2.0,
2024,10421,江西财经大学,30,商务英语,历,544.0,544,16857.0,201,,,1.0,
2024,10421,江西财经大学,16,会计学,历,584.0,575,7409.0,202,,,2.0,培养注册会计师人才
2024,10421,江西财经大学,14,会计学,历,573.0,573,7874.0,202,,,1.0,
2024,10421,江西财经大学,15,财务管理,历,573.0,573,7874.0,202,,,1.0,
2024,10421,江西财经大学,27,法学,历,573.0,573,7874.0,202,,,1.0,培养法务会计人才
2024,10421,江西财经大学,12,财政学,历,571.0,571,8351.0,202,,,1.0,
2024,10421,江西财经大学,26,法学,历,571.0,571,8351.0,202,,,1.0,
2024,10421,江西财经大学,28,法学,历,570.0,570,8615.0,202,,,1.0,培养数据法学人才
2024,10421,江西财经大学,8,市场营销,历,568.0,568,9123.0,202,,,1.0,培养数字营销人才
2024,10421,江西财经大学,9,物流管理,历,561.0,561,11010.0,202,,,1.0,培养智慧供应链人才
2024,10421,江西财经大学,13,税收学,历,570.0,560,11295.0,202,,,3.0,
2024,10421,江西财经大学,11,旅游管理,历,560.0,560,11295.0,202,,,1.0,培养数字文旅人才
2024,10421,江西财经大学,22,经济学,历,560.0,558,11930.0,202,,,2.0,培养数理经济人才
2024,10421,江西财经大学,7,人力资源管理,历,570.0,556,12572.0,202,,,2.0,培养数智人力人才
2024,10421,江西财经大学,19,国际经济与贸易,历,556.0,556,12572.0,202,,,1.0,
2024,10421,江西财经大学,20,国际商务,历,556.0,556,12572.0,202,,,1.0,
2024,10421,江西财经大学,23,国民经济管理,历,556.0,556,12572.0,202,,,1.0,培养数字化治理和投资管理人才
2024,10421,江西财经大学,6,工商管理,历,555.0,555,12898.0,202,,,1.0,培养智能商务人才
2024,10421,江西财经大学,21,电子商务,历,554.0,554,13221.0,202,,,1.0,
2024,10421,江西财经大学,24,金融学,历,563.0,553,13543.0,202,,,2.0,
2024,10421,江西财经大学,31,社会工作,历,553.0,553,13543.0,202,,,1.0,
2024,10421,江西财经大学,32,新闻学,历,551.0,551,14218.0,202,,,1.0,
2024,10421,江西财经大学,18,会计学,历,579.0,569,8878.0,210,,,5.0,培养ACCA(英国特许注册会计师)人才)
2024,10421,江西财经大学,17,会计学,历,569.0,568,9123.0,210,,,2.0,培养CIMA(特许管理会计师)人才
2024,10421,江西财经大学,2,会计学,历,567.0,565,9851.0,210,,,5.0,培养国际会计人才
2024,10421,江西财经大学,29,法学,历,579.0,554,13221.0,210,,,2.0,培养涉外法治人才
2024,10421,江西财经大学,4,金融学,历,560.0,550,14586.0,210,,,6.0,培养CFA(特许金融分析师)人才
2024,10421,江西财经大学,3,金融学,历,559.0,548,15290.0,210,,,5.0,培养国际投资与金融人才
2024,10421,江西财经大学,5,国际经济与贸易,历,552.0,548,15290.0,210,,,3.0,培养BA(商业大数据挖掘和决策分析)人才
2024,10421,江西财经大学,10,市场营销,历,547.0,547,15672.0,210,,,1.0,培养国际营销人才
2024,10421,江西财经大学,25,金融学,历,569.0,547,15672.0,210,,,4.0,培养FRM(全球金融风险管理师)人才
2024,10037,北京物资学院,2,会计学,历,534.0,534,21124.0,201,,,1.0,
2024,10037,北京物资学院,1,采购管理,历,532.0,532,21993.0,201,,,1.0,
2024,10108,山西大学,7,中国语言文学类(文科初民试验班),历,567.0,567,9490.0,201,,,1.0,汉语言文学、历史学、哲学
2024,10108,山西大学,4,历史学,历,578.0,561,11134.0,201,,,2.0,
2024,10108,山西大学,3,汉语言文学,历,564.0,560,11454.0,201,,,3.0,
2024,10108,山西大学,5,哲学类,历,571.0,559,11773.0,201,,,2.0,哲学、伦理学
2024,10108,山西大学,6,法学,历,559.0,558,12086.0,201,,,3.0,
2024,10338,浙江理工大学,2,经济与贸易类,历,551.0,540,18420.0,201,,,2.0,经济学、金融学、国际经济与贸易
2024,10338,浙江理工大学,3,行政管理,历,549.0,537,19663.0,201,,,3.0,
2024,10338,浙江理工大学,4,外国语言文学类,历,541.0,535,20517.0,201,,,6.0,英语、日语
2024,10406,南昌航空大学,3,公共事业管理,历,528.0,525,25052.0,201,,,2.0,
2024,10406,南昌航空大学,2,英语,历,528.0,523,26045.0,201,,,2.0,
2024,10406,南昌航空大学,4,新闻学,历,525.0,520,27505.0,201,,,2.0,
2024,10406,南昌航空大学,1,德语,历,523.0,520,27505.0,201,,,2.0,
2024,11075,三峡大学,4,供应链管理,历,526.0,523,26045.0,201,,,2.0,
2024,11075,三峡大学,3,投资学,历,524.0,516,29606.0,201,,,2.0,
2024,10691,云南民族大学,2,国际经济与贸易,历+政,509.0,508,34052.0,201,,,2.0,
2024,10691,云南民族大学,3,汉语言文学,历+地+政,545.0,545,16471.0,202,,,1.0,
2024,10536,长沙理工大学,3,法学,历,553.0,549,15103.0,201,,,2.0,
2024,10536,长沙理工大学,4,汉语言文学,历,566.0,542,17807.0,201,,,6.0,
2024,10536,长沙理工大学,12,网络与新媒体,历,548.0,542,17807.0,201,,,2.0,
2024,10536,长沙理工大学,5,新闻学,历,541.0,537,19890.0,201,,,2.0,
2024,10536,长沙理工大学,9,金融学,历,537.0,537,19890.0,201,,,1.0,
2024,10536,长沙理工大学,8,国际经济与贸易,历,533.0,533,21573.0,201,,,1.0,
2024,10536,长沙理工大学,6,英语,历,536.0,532,21993.0,201,,,2.0,
2024,10536,长沙理工大学,13,艺术管理,历,534.0,530,22904.0,201,,,6.0,
2024,10536,长沙理工大学,7,翻译,历,532.0,530,22904.0,201,,,2.0,
2024,10536,长沙理工大学,14,新闻学(卓越班),历,530.0,530,22904.0,201,,,1.0,
2024,10536,长沙理工大学,15,会计学(卓越班),历,567.0,567,9490.0,202,,,1.0,
2024,10536,长沙理工大学,1,会计学,历,556.0,556,12741.0,202,,,1.0,
2024,10536,长沙理工大学,10,市场营销,历,551.0,551,14392.0,202,,,1.0,
2024,10536,长沙理工大学,11,工商管理,历,554.0,549,15103.0,202,,,2.0,
2024,10536,长沙理工大学,2,人力资源管理,历,549.0,545,16647.0,202,,,2.0,
2024,10633,成都中医药大学,1,健康服务与管理(中外合作办学),历,528.0,520,27505.0,201,,,3.0,中外合作
2024,11110,广东警官学院,205,经济犯罪侦查,历+政,568.0,534,20842.0,135,,,64.0,男
2024,11110,广东警官学院,201,侦查学,历+政,592.0,507,34452.0,135,,,158.0,男
2024,11110,广东警官学院,209,警务指挥与战术,历+政,563.0,505,36009.0,135,,,70.0,男
2024,11110,广东警官学院,207,治安学,历+政,561.0,497,40609.0,135,,,158.0,男
2024,11110,广东警官学院,203,禁毒学,历+政,524.0,495,42448.0,135,,,38.0,男
2024,11110,广东警官学院,206,经济犯罪侦查,历+政,603.0,596,3451.0,136,,,9.0,女
2024,11110,广东警官学院,202,侦查学,历+政,596.0,588,4753.0,136,,,16.0,女
2024,11110,广东警官学院,208,治安学,历+政,595.0,585,5341.0,136,,,17.0,女
2024,11110,广东警官学院,210,警务指挥与战术,历+政,599.0,584,5412.0,136,,,6.0,女
2024,11110,广东警官学院,204,禁毒学,历+政,585.0,582,5879.0,136,,,6.0,女
2024,11110,广东警官学院,402,法学,历,562.0,538,19359.0,202,,,45.0,
2024,11110,广东警官学院,404,社会工作,历,542.0,531,22294.0,202,,,37.0,
2024,11110,广东警官学院,406,行政管理,历,541.0,531,22374.0,202,,,38.0,
2024,10336,杭州电子科技大学,2,法学,历,567.0,549,14941.0,201,,,4.0,
2024,10336,杭州电子科技大学,4,德语,历,545.0,542,17624.0,201,,,2.0,
2024,10336,杭州电子科技大学,3,英语,历,541.0,538,19238.0,201,,,4.0,
2024,10336,杭州电子科技大学,1,工商管理类,历,564.0,536,20102.0,201,,,10.0,工商管理、人力资源管理
2024,10488,武汉科技大学,4,外国语言文学类,历,543.0,532,21784.0,201,,,6.0,英语、翻译
2024,10488,武汉科技大学,6,法学类,历,543.0,542,17624.0,202,,,2.0,法学、社会工作
2024,10488,武汉科技大学,7,行政管理,历,535.0,535,20517.0,202,,,2.0,
2024,10488,武汉科技大学,3,工商管理类,历,540.0,533,21349.0,202,,,10.0,会计学、工商管理、市场营销
2024,10488,武汉科技大学,8,投资学,历,535.0,532,21784.0,202,,,4.0,
2024,10488,武汉科技大学,5,德语,历,531.0,531,22221.0,202,,,3.0,
2024,10332,苏州科技大学,2,历史学(师范),历,542.0,535,20517.0,201,,,2.0,普师
2024,10332,苏州科技大学,1,工商管理,历,534.0,532,21784.0,201,,,2.0,
2024,10332,苏州科技大学,3,劳动与社会保障,历,532.0,532,21784.0,201,,,2.0,
2024,10332,苏州科技大学,4,英语(师范),历,531.0,531,22221.0,201,,,2.0,普师
2024,16405,温州肯恩大学,4,心理学(中外合作办学),历,558.0,558,12086.0,201,,,1.0,中外合作
2024,16405,温州肯恩大学,3,会计学(中外合作办学),历,550.0,544,17066.0,201,,,2.0,中外合作
2024,16405,温州肯恩大学,2,国际商务(中外合作办学),历,543.0,543,17440.0,201,,,1.0,中外合作
2024,16405,温州肯恩大学,5,传播学(中外合作办学),历,538.0,536,20312.0,201,,,2.0,中外合作
2024,16405,温州肯恩大学,1,金融学(中外合作办学),历,547.0,533,21573.0,201,,,3.0,中外合作
2024,16405,温州肯恩大学,6,建筑学(中外合作办学),历,532.0,532,21993.0,201,,,2.0,中外合作
2024,10456,山东财经大学,4,资产评估,历,541.0,541,18017.0,201,,,1.0,
2024,10456,山东财经大学,6,法学,历,551.0,539,18828.0,201,,,2.0,
2024,10456,山东财经大学,2,金融学,历,542.0,539,18828.0,201,,,2.0,
2024,10456,山东财经大学,3,经济与贸易类,历,539.0,539,18828.0,201,,,1.0,国际经济与贸易、国际商务
2024,10456,山东财经大学,7,国际经济发展合作,历,537.0,537,19663.0,201,,,1.0,
2024,10456,山东财经大学,1,经济学类,历,536.0,536,20102.0,201,,,1.0,资源与环境经济学、经济学
2024,10456,山东财经大学,5,公共管理类,历,534.0,533,21349.0,201,,,2.0,行政管理、城市管理、劳动与社会保障
2024,10456,山东财经大学,8,物流管理,历,535.0,531,22221.0,201,,,2.0,
2024,11417,北京联合大学,6,考古学,历,546.0,536,20312.0,201,,,2.0,
2024,11417,北京联合大学,5,国际经济与贸易,历,532.0,532,21993.0,201,,,1.0,
2024,11417,北京联合大学,7,财务管理,历,539.0,529,23406.0,201,,,2.0,
2024,11417,北京联合大学,8,会展经济与管理,历,529.0,528,23840.0,201,,,2.0,
2024,10475,河南大学,19,法学,历,576.0,564,10135.0,201,,,3.0,
2024,10475,河南大学,4,中国语言文学类(师范),历,575.0,554,13221.0,201,,,5.0,普师
2024,10475,河南大学,12,会计学,历,549.0,547,15672.0,201,,,5.0,
2024,10475,河南大学,14,新闻传播学类,历,559.0,545,16471.0,201,,,4.0,新闻学、编辑出版学、广告学、网络与新媒体
2024,10475,河南大学,7,日语,历,543.0,538,19238.0,201,,,4.0,
2024,10475,河南大学,6,俄语,历,540.0,536,20102.0,201,,,2.0,
2024,10475,河南大学,11,社会工作,历,547.0,535,20517.0,201,,,5.0,
2024,10475,河南大学,8,德语,历,534.0,534,20923.0,201,,,2.0,
2024,10475,河南大学,9,法语,历,545.0,534,20923.0,201,,,3.0,
2024,10475,河南大学,5,英语(师范),历,546.0,532,21784.0,201,,,3.0,普师
2024,10475,河南大学,16,经济学类,历,559.0,540,18420.0,202,,,4.0,经济学、金融学、财政学、国际经济与贸易
2024,10475,河南大学,15,公共管理类,历,539.0,537,19663.0,202,,,4.0,行政管理、劳动与社会保障
2024,10475,河南大学,17,工商管理,历,549.0,537,19663.0,202,,,3.0,
2024,10475,河南大学,18,电子商务,历,536.0,533,21349.0,202,,,3.0,
2024,10475,河南大学,13,国际经济与贸易(中外合作办学),历,535.0,531,22221.0,203,,,4.0,中外合作
2024,10475,河南大学,10,历史学类,历+地,574.0,559,11614.0,204,,,6.0,历史学(师范)、世界史、考古学、文物与博物馆学
2024,11047,上海立信会计金融学院,1,会计学,历,560.0,560,11295.0,201,,,1.0,
2024,11047,上海立信会计金融学院,7,法学,历,554.0,554,13221.0,201,,,1.0,
2024,11047,上海立信会计金融学院,5,国际经济与贸易,历,539.0,539,18828.0,201,,,1.0,
2024,11047,上海立信会计金融学院,6,行政管理,历,538.0,538,19238.0,201,,,1.0,
2024,11047,上海立信会计金融学院,2,资产评估,历,537.0,537,19663.0,201,,,1.0,
2024,11047,上海立信会计金融学院,3,金融学,历,536.0,536,20102.0,201,,,1.0,
2024,11047,上海立信会计金融学院,4,工商管理,历,534.0,534,20923.0,201,,,1.0,
2024,10063,天津中医药大学,2,传播学,历,537.0,537,19663.0,201,,,1.0,
2024,10063,天津中医药大学,1,公共管理类,历,535.0,529,23156.0,201,,,3.0,公共事业管理、劳动与社会保障、健康服务与管理
2024,10063,天津中医药大学,3,护理学类,历+化,492.0,458,69506.0,202,,,3.0,护理学、护理学(涉外英语班)、护理学(老年护理班)、护理学(中医护理)
2024,10404,华东交通大学,5,英语,历,532.0,531,21995.0,201,,,2.0,
2024,10404,华东交通大学,6,法学,历,541.0,539,18617.0,202,,,2.0,
2024,10404,华东交通大学,8,汉语言文学,历,542.0,538,19043.0,202,,,2.0,
2024,10404,华东交通大学,9,知识产权,历,534.0,534,20722.0,202,,,1.0,
2024,10404,华东交通大学,7,公共事业管理,历,536.0,534,20722.0,202,,,2.0,
2024,10404,华东交通大学,3,国际经济与贸易,历,537.0,533,21126.0,202,,,2.0,
2024,10404,华东交通大学,4,人力资源管理,历,534.0,533,21126.0,202,,,2.0,
2024,10404,华东交通大学,2,金融学,历,537.0,532,21575.0,202,,,2.0,
2024,10015,北京印刷学院,5,传播学,历,550.0,550,14778.0,201,,,1.0,
2024,10015,北京印刷学院,6,网络与新媒体,历,531.0,531,22448.0,201,,,1.0,
2024,10496,武汉轻工大学,4,外国语言文学类,历,,532,21784.0,201,,,2.0,英语、翻译
2024,10496,武汉轻工大学,2,金融学,历,,528,23624.0,202,,,1.0,
2024,10496,武汉轻工大学,1,工商管理类,历,,526,24550.0,202,,,3.0,工商管理(大数据创新与管理)、会计学
2024,10496,武汉轻工大学,3,国际经济与贸易,历,,523,26045.0,202,,,2.0,
2024,10856,上海工程技术大学,4,翻译,历,533.0,531,22221.0,201,,,2.0,
2024,10856,上海工程技术大学,1,物流管理,历,535.0,533,21349.0,202,,,2.0,
2024,10856,上海工程技术大学,2,养老服务管理,历,531.0,528,23624.0,202,,,2.0,
2024,10856,上海工程技术大学,3,交通管理,历,541.0,527,24072.0,202,,,2.0,
2024,10351,温州大学,2,法学,历,545.0,544,16857.0,201,,,2.0,
2024,10351,温州大学,1,国际经济与贸易,历,543.0,540,18420.0,201,,,2.0,
2024,10351,温州大学,3,国际经贸规则,历,551.0,539,18828.0,201,,,2.0,
2024,10351,温州大学,5,日语,历,530.0,525,25052.0,202,,,2.0,
2024,10351,温州大学,4,学前教育(师范),历,537.0,532,21784.0,203,,,2.0,普师
2024,10346,杭州师范大学,1,国际商务,历,542.0,535,20517.0,201,,,3.0,
2024,10346,杭州师范大学,2,公共事业管理(卫生事业管理),历,559.0,534,20923.0,201,,,2.0,
2024,10126,内蒙古大学,11,英语,历,550.0,549,14941.0,201,,,2.0,
2024,10126,内蒙古大学,12,俄语,历,550.0,550,14586.0,202,,,1.0,
2024,10126,内蒙古大学,4,纪检监察,历,570.0,570,8615.0,203,,,1.0,
2024,10126,内蒙古大学,3,法学,历,567.0,567,9368.0,203,,,1.0,
2024,10126,内蒙古大学,10,汉语言文学,历,566.0,563,10428.0,203,,,2.0,
2024,10126,内蒙古大学,14,网络与新媒体,历,562.0,562,10728.0,203,,,1.0,
2024,10126,内蒙古大学,6,社会学,历,559.0,559,11614.0,203,,,1.0,
2024,10126,内蒙古大学,15,历史学,历,559.0,559,11614.0,203,,,1.0,
2024,10126,内蒙古大学,7,社会工作,历,557.0,557,12244.0,203,,,1.0,
2024,10126,内蒙古大学,2,哲学,历,554.0,554,13221.0,203,,,1.0,
2024,10126,内蒙古大学,16,行政管理,历,554.0,554,13221.0,203,,,1.0,
2024,10126,内蒙古大学,17,劳动与社会保障,历,556.0,550,14586.0,203,,,2.0,
2024,10126,内蒙古大学,18,旅游管理,历,547.0,547,15672.0,203,,,1.0,
2024,10126,内蒙古大学,13,新闻学,历+政,553.0,553,13543.0,204,,,1.0,
2024,10126,内蒙古大学,8,政治学经济学与哲学,历+政,552.0,552,13870.0,204,,,1.0,
2024,10126,内蒙古大学,9,马克思主义理论,历+政,547.0,547,15672.0,204,,,1.0,
2024,10126,内蒙古大学,5,政治学与行政学,历+政,543.0,543,17254.0,204,,,1.0,
2024,10345,浙江师范大学,5,工商管理类,历,545.0,540,18420.0,201,,,4.0,财务管理、电子商务、会计学、工商管理
2024,10345,浙江师范大学,6,经济与贸易类,历,549.0,538,19238.0,201,,,4.0,金融学、国际经济与贸易
2024,10345,浙江师范大学,11,社会工作,历,545.0,536,20102.0,201,,,3.0,
2024,10345,浙江师范大学,10,戏剧影视文学,历,563.0,518,28511.0,202,,,7.0,
2024,10345,浙江师范大学,9,日语,历,557.0,544,16857.0,203,,,2.0,
2024,10345,浙江师范大学,8,英语(师范),历,577.0,573,7874.0,204,,,2.0,普师
2024,10345,浙江师范大学,7,小学教育(中外合作办学)(师范),历,571.0,529,23156.0,205,,,5.0,普师
2024,10029,首都体育学院,3,新闻学,历,,524,25550.0,201,,,2.0,
2024,10029,首都体育学院,4,体育经济与管理,历,,521,27018.0,201,,,2.0,
2024,10353,浙江工商大学,2,法学类,历,575.0,575,7409.0,201,,,1.0,法学、知识产权
2024,10353,浙江工商大学,1,经济学类,历,574.0,563,10428.0,201,,,3.0,经济学、国际经济与贸易
2024,10353,浙江工商大学,8,社会工作,历,562.0,562,10728.0,201,,,1.0,
2024,10353,浙江工商大学,4,新闻传播学类,历,556.0,550,14586.0,201,,,2.0,广告学、新闻学、网络与新媒体
2024,10353,浙江工商大学,6,旅游管理类,历,550.0,549,14941.0,201,,,2.0,旅游管理、酒店管理
2024,10353,浙江工商大学,9,法语,历,545.0,545,16471.0,201,,,1.0,
2024,10353,浙江工商大学,7,哲学,历,552.0,545,16471.0,201,,,2.0,
2024,10353,浙江工商大学,3,外国语言文学类,历,557.0,541,18017.0,201,,,5.0,英语、商务英语
2024,10353,浙江工商大学,5,公共管理类,历,549.0,537,19663.0,202,,,4.0,慈善管理、行政管理、土地资源管理、文化产业管理
2024,10724,西安外国语大学,10,语言学,历,547.0,547,15672.0,201,,,1.0,
2024,10724,西安外国语大学,12,翻译,历,542.0,541,18017.0,201,,,2.0,
2024,10724,西安外国语大学,4,英语,历,547.0,540,18420.0,201,,,4.0,
2024,10724,西安外国语大学,13,商务英语,历,539.0,539,18828.0,201,,,1.0,
2024,10724,西安外国语大学,7,西班牙语,历,547.0,547,15672.0,202,,,1.0,
2024,10724,西安外国语大学,9,波斯语,历,547.0,547,15672.0,202,,,1.0,
2024,10724,西安外国语大学,8,日语,历,553.0,544,16857.0,202,,,2.0,
2024,10724,西安外国语大学,11,葡萄牙语,历,542.0,542,17624.0,202,,,1.0,
2024,10724,西安外国语大学,6,法语,历,542.0,542,17624.0,202,,,1.0,
2024,10724,西安外国语大学,5,德语,历,539.0,539,18828.0,202,,,1.0,
2024,10724,西安外国语大学,2,国际经济与贸易,历,538.0,538,19238.0,202,,,1.0,
2024,10724,西安外国语大学,15,审计学,历,538.0,538,19238.0,202,,,1.0,
2024,10724,西安外国语大学,3,汉语言文学,历,537.0,537,19663.0,202,,,1.0,
2024,10724,西安外国语大学,14,国际新闻与传播,历,536.0,536,20102.0,202,,,1.0,
2024,10724,西安外国语大学,1,金融学,历,535.0,535,20517.0,202,,,1.0,
2024,10216,燕山大学,3,外国语言文学类,历,533.0,531,22221.0,201,,,2.0,英语、翻译(英语)
2024,10216,燕山大学,4,日语,历,526.0,522,26533.0,201,,,4.0,
2024,10216,燕山大学,2,法学,历,540.0,538,19238.0,202,,,2.0,
2024,10216,燕山大学,1,经济与金融,历,541.0,537,19663.0,202,,,2.0,
2024,11057,浙江科技大学,1,服装设计与工程,历,525.0,515,30161.0,201,,,3.0,
2024,11406,甘肃政法大学,1,法学,历,,538,19238.0,201,,,3.0,
2024,11406,甘肃政法大学,3,网络与新媒体,历,,537,19663.0,201,,,1.0,
2024,11406,甘肃政法大学,4,司法鉴定学,历,,532,21784.0,201,,,1.0,
2024,11406,甘肃政法大学,2,侦查学,历+政,,523,26045.0,202,,,1.0,
2024,12044,上海第二工业大学,1,国际商务,历,526.0,524,25550.0,201,,,2.0,
2024,12044,上海第二工业大学,2,会展经济与管理,历,528.0,524,25550.0,201,,,2.0,
2024,10592,广东财经大学,107,税收学,历,553.0,546,16066.0,201,,,5.0,培养智能税收人才
2024,10592,广东财经大学,104,财政学,历,556.0,546,16098.0,201,,,30.0,
2024,10592,广东财经大学,106,税收学,历,558.0,545,16424.0,201,,,15.0,培养税务师人才
2024,10592,广东财经大学,105,税收学,历,553.0,542,17575.0,201,,,65.0,
2024,10592,广东财经大学,101,经济学,历,552.0,540,18384.0,201,,,38.0,
2024,10592,广东财经大学,110,金融学,历,556.0,539,18946.0,201,,,57.0,
2024,10592,广东财经大学,102,国际经济与贸易,历,550.0,538,19128.0,201,,,45.0,
2024,10592,广东财经大学,111,保险学,历,544.0,537,19552.0,201,,,10.0,
2024,10592,广东财经大学,130,金融学,历,550.0,537,19581.0,201,,,35.0,
2024,10592,广东财经大学,112,投资学,历,562.0,537,19587.0,201,,,25.0,
2024,10592,广东财经大学,117,会计学,历,574.0,551,14380.0,203,,,109.0,
2024,10592,广东财经大学,118,审计学,历,558.0,548,15215.0,203,,,65.0,
2024,10592,广东财经大学,119,财务管理,历,584.0,547,15588.0,203,,,43.0,
2024,10592,广东财经大学,113,工商管理,历,548.0,540,18268.0,203,,,30.0,
2024,10592,广东财经大学,131,供应链管理,历,547.0,540,18585.0,203,,,13.0,
2024,10592,广东财经大学,109,资产评估,历,547.0,539,18681.0,203,,,15.0,培养评估师人才
2024,10592,广东财经大学,120,文化产业管理,历,547.0,538,19052.0,203,,,12.0,
2024,10592,广东财经大学,108,资产评估,历,548.0,537,19867.0,203,,,40.0,
2024,10592,广东财经大学,103,国际商务,历,548.0,537,19883.0,203,,,27.0,
2024,10592,广东财经大学,132,国际商务,历,547.0,535,20397.0,203,,,12.0,培养国际企业理财人才
2024,10592,广东财经大学,133,跨境电子商务,历,541.0,535,20448.0,203,,,13.0,
2024,10592,广东财经大学,134,人力资源管理,历,550.0,535,20497.0,203,,,36.0,
2024,10592,广东财经大学,116,创业管理,历,547.0,535,20530.0,203,,,15.0,
2024,10592,广东财经大学,126,社会工作,历,546.0,535,20630.0,203,,,25.0,
2024,10592,广东财经大学,135,人力资源管理,历,543.0,534,20735.0,203,,,15.0,培养人才开发与管理人才
2024,10592,广东财经大学,114,市场营销,历,550.0,534,20775.0,203,,,30.0,培养数智营销人才
2024,10592,广东财经大学,121,旅游管理,历,543.0,534,20777.0,203,,,12.0,培养数字文旅投资与运营人才
2024,10592,广东财经大学,122,酒店管理,历,542.0,534,20786.0,203,,,11.0,培养数智化运营人才
2024,10592,广东财经大学,127,行政管理,历,547.0,534,20839.0,203,,,45.0,
2024,10592,广东财经大学,123,会展经济与管理,历,545.0,534,20864.0,203,,,15.0,培养数字会展与创意策划人才
2024,10592,广东财经大学,128,土地资源管理,历,546.0,534,20878.0,203,,,30.0,培养智慧国土与空间规划人才
2024,10592,广东财经大学,129,城市管理,历,546.0,534,20914.0,203,,,25.0,培养城市数字治理人才
2024,10592,广东财经大学,115,物流管理,历,550.0,534,20921.0,203,,,28.0,培养数智供应链人才
2024,10592,广东财经大学,136,劳动与社会保障,历,539.0,534,20940.0,203,,,9.0,培养数智员工关系人才
2024,10592,广东财经大学,138,法学,历,576.0,571,8256.0,205,,,5.0,培养数字法治人才
2024,10592,广东财经大学,137,法学,历,578.0,558,11817.0,205,,,149.0,
2024,10592,广东财经大学,143,汉语言文学,历,569.0,544,16733.0,207,,,120.0,
2024,10592,广东财经大学,146,网络与新媒体,历,550.0,540,18374.0,207,,,35.0,
2024,10592,广东财经大学,144,新闻学,历,555.0,539,18815.0,207,,,60.0,
2024,10592,广东财经大学,145,广告学,历,556.0,539,18850.0,207,,,35.0,
2024,10592,广东财经大学,139,英语,历,556.0,538,19258.0,209,,,37.0,
2024,10592,广东财经大学,142,商务英语,历,553.0,537,19822.0,209,,,29.0,
2024,10592,广东财经大学,141,翻译,历,548.0,536,20292.0,209,,,17.0,
2024,10592,广东财经大学,140,日语,历,546.0,535,20623.0,209,,,17.0,
2024,10592,广东财经大学,124,自然地理与资源环境,历+地,549.0,534,21004.0,211,,,25.0,
2024,10592,广东财经大学,125,人文地理与城乡规划,历+地,544.0,533,21332.0,211,,,25.0,
2024,10592,广东财经大学,184,法学,历,572.0,536,19949.0,215,,,20.0,与澳大利亚西澳大学联合培养项目
2024,10592,广东财经大学,185,税收学,历,541.0,525,24809.0,215,,,15.0,与澳大利亚西澳大学联合培养项目
2024,10592,广东财经大学,183,会计学,历,547.0,520,27476.0,215,,,20.0,与澳大利亚西澳大学联合培养项目
2024,10592,广东财经大学,181,财务管理,历,532.0,513,31211.0,215,,,15.0,与英国埃克塞特大学联合培养项目
2024,10592,广东财经大学,180,国际商务,历,536.0,513,31427.0,215,,,10.0,与美国北亚利桑那大学等联合培养项目
2024,10592,广东财经大学,182,金融学,历,535.0,512,31699.0,215,,,20.0,与澳大利亚西澳大学联合培养项目
2024,12050,上海商学院,1,商务经济学,历,520.0,519,27995.0,201,,,2.0,
2024,12050,上海商学院,2,酒店管理,历,518.0,518,28511.0,201,,,2.0,
2024,10289,江苏科技大学,1,外国语言文学类,历,530.0,521,27268.0,201,,,3.0,英语、翻译
2024,10289,江苏科技大学,2,旅游管理,历,520.0,519,28247.0,201,,,2.0,
2024,10489,长江大学,1,建筑类(5年),历,561.0,529,23156.0,201,,,2.0,建筑学(智慧人居类和低碳环境类工科实验班)、城乡规划(国土空间规划)
2024,10385,华侨大学,14,法学,历,556.0,542,17624.0,201,,,7.0,
2024,10385,华侨大学,19,财务管理,历,548.0,542,17624.0,201,,,2.0,
2024,10385,华侨大学,15,汉语言文学,历,546.0,542,17624.0,201,,,4.0,
2024,10385,华侨大学,2,哲学,历,551.0,540,18420.0,201,,,2.0,
2024,10385,华侨大学,16,英语,历,542.0,540,18420.0,201,,,3.0,
2024,10385,华侨大学,5,新闻学,历,540.0,540,18420.0,201,,,2.0,
2024,10385,华侨大学,4,汉语国际教育,历,539.0,538,19238.0,201,,,5.0,
2024,10385,华侨大学,7,数字出版,历,538.0,537,19663.0,201,,,2.0,
2024,10385,华侨大学,6,广播电视学,历,540.0,536,20102.0,201,,,2.0,
2024,10385,华侨大学,11,国际经济与贸易,历,537.0,534,20923.0,201,,,2.0,
2024,10385,华侨大学,13,金融学,历,534.0,533,21349.0,201,,,3.0,
2024,10385,华侨大学,22,酒店管理,历,533.0,533,21349.0,201,,,2.0,
2024,10385,华侨大学,20,人力资源管理,历,537.0,532,21784.0,201,,,3.0,
2024,10385,华侨大学,21,行政管理,历,534.0,532,21784.0,201,,,3.0,
2024,10385,华侨大学,17,日语,历,532.0,532,21784.0,201,,,2.0,
2024,10385,华侨大学,10,经济学,历,540.0,531,22221.0,201,,,3.0,
2024,10385,华侨大学,8,城乡规划(5年),历,539.0,531,22221.0,201,,,3.0,
2024,10385,华侨大学,18,翻译,历,537.0,531,22221.0,201,,,4.0,
2024,10385,华侨大学,23,会展经济与管理,历,533.0,531,22221.0,201,,,3.0,
2024,10385,华侨大学,25,工商管理类(全英文教学),历,532.0,531,22221.0,201,,,2.0,财务管理(全英文教学)
2024,10385,华侨大学,9,风景园林(5年),历,531.0,531,22221.0,201,,,2.0,
2024,10385,华侨大学,12,电子商务,历,531.0,531,22221.0,201,,,2.0,
2024,10385,华侨大学,3,国际事务与国际关系,历+政,551.0,548,15290.0,204,,,2.0,
2024,10390,集美大学,7,日语,历,537.0,533,21573.0,201,,,2.0,
2024,10390,集美大学,8,汉语言文学,历,559.0,558,12086.0,202,,,2.0,
2024,10390,集美大学,6,会计学,历,560.0,557,12401.0,202,,,2.0,
2024,10390,集美大学,5,经济学,历,556.0,551,14392.0,202,,,2.0,
2024,10623,西华大学,4,汉语言文学,历,552.0,546,16081.0,201,,,3.0,
2024,10623,西华大学,3,法学,历,548.0,546,16081.0,201,,,2.0,
2024,10623,西华大学,5,汉语国际教育,历,545.0,544,16857.0,201,,,3.0,
2024,80001,汕头大学医学院,28,护理学,历+化,484.0,463,65430.0,221,,,5.0,
2024,10732,兰州交通大学,5,英语,历,523.0,523,26297.0,201,,,1.0,
2024,10732,兰州交通大学,4,会计学,历,513.0,513,31496.0,202,,,1.0,
2024,10732,兰州交通大学,1,国际经济与贸易,历,511.0,511,32633.0,202,,,1.0,
2024,10732,兰州交通大学,2,工商管理,历,511.0,511,32633.0,202,,,1.0,
2024,10732,兰州交通大学,3,市场营销,历,509.0,509,33778.0,202,,,1.0,
2024,10732,兰州交通大学,7,西班牙语,历,508.0,508,34324.0,202,,,1.0,
2024,10732,兰州交通大学,6,法语,历,508.0,508,34324.0,202,,,1.0,
2024,10732,兰州交通大学,8,阿拉伯语,历,507.0,507,34928.0,202,,,1.0,
2024,10602,广西师范大学,9,法学,历,563.0,540,18614.0,201,,,2.0,
2024,10602,广西师范大学,4,汉语言文学(师范),历,562.0,540,18614.0,201,,,6.0,普师
2024,10602,广西师范大学,13,翻译,历,532.0,532,21993.0,201,,,1.0,
2024,10602,广西师范大学,6,历史学(师范),历,539.0,530,22904.0,201,,,4.0,普师
2024,10602,广西师范大学,15,商务英语,历,529.0,529,23406.0,201,,,1.0,
2024,10602,广西师范大学,10,经济学,历,529.0,527,24303.0,201,,,2.0,
2024,10602,广西师范大学,11,工商管理,历,523.0,522,26767.0,201,,,2.0,
2024,10602,广西师范大学,12,朝鲜语,历,519.0,519,28247.0,201,,,1.0,
2024,10602,广西师范大学,7,酒店管理,历,525.0,518,28774.0,201,,,2.0,
2024,10602,广西师范大学,3,汉语言文学(国家文科基地班师范),历,577.0,574,7758.0,202,,,2.0,普师
2024,10602,广西师范大学,5,汉语国际教育(师范),历,542.0,536,20312.0,203,,,2.0,普师
2024,10602,广西师范大学,8,思想政治教育(师范),历+政,562.0,559,11773.0,204,,,4.0,普师
2024,10650,四川外国语大学,14,法语,历,572.0,572,8226.0,101,,,1.0,
2024,10650,四川外国语大学,16,西班牙语,历,570.0,570,8754.0,101,,,1.0,
2024,10650,四川外国语大学,12,俄语,历,558.0,558,12086.0,101,,,1.0,
2024,10650,四川外国语大学,21,希伯来语,历,549.0,549,15103.0,101,,,1.0,
2024,10650,四川外国语大学,13,德语,历,549.0,549,15103.0,101,,,1.0,
2024,10650,四川外国语大学,19,越南语,历,547.0,547,15867.0,101,,,1.0,
2024,10650,四川外国语大学,17,意大利语,历,544.0,544,17066.0,101,,,1.0,
2024,10650,四川外国语大学,20,泰语,历,543.0,543,17440.0,101,,,1.0,
2024,10650,四川外国语大学,15,日语,历,544.0,539,19040.0,101,,,2.0,
2024,10650,四川外国语大学,18,捷克语,历,538.0,538,19434.0,101,,,1.0,
2024,10650,四川外国语大学,22,土耳其语,历,537.0,537,19890.0,101,,,1.0,
2024,10650,四川外国语大学,23,波斯语,历,531.0,531,22448.0,101,,,1.0,
2024,10650,四川外国语大学,26,英语,历,556.0,556,12741.0,201,,,1.0,培养“英语-财务管理”双学士学位复合型人才
2024,10650,四川外国语大学,25,英语,历,556.0,549,15103.0,201,,,3.0,
2024,10650,四川外国语大学,28,商务英语,历,552.0,548,15476.0,201,,,2.0,培养“商务英语-国际经济与贸易”双学士学位复合型人才
2024,10650,四川外国语大学,27,商务英语,历,546.0,546,16293.0,201,,,1.0,
2024,10650,四川外国语大学,24,翻译,历,546.0,540,18614.0,201,,,2.0,
2024,10650,四川外国语大学,29,商务英语(中外合作办学),历,537.0,524,25792.0,202,,,2.0,中外合作
2024,10650,四川外国语大学,39,社会学类,历,539.0,539,19040.0,203,,,1.0,社会学、社会工作
2024,10650,四川外国语大学,38,法学,历,538.0,538,19434.0,203,,,1.0,
2024,10650,四川外国语大学,31,汉语言文学,历,536.0,536,20312.0,203,,,1.0,
2024,10650,四川外国语大学,32,汉语国际教育,历,535.0,535,20720.0,203,,,1.0,
2024,10650,四川外国语大学,36,物流管理,历,534.0,534,21124.0,203,,,1.0,
2024,10650,四川外国语大学,33,财务管理,历,532.0,532,21993.0,203,,,1.0,
2024,10650,四川外国语大学,35,旅游管理,历,532.0,532,21993.0,203,,,1.0,
2024,10650,四川外国语大学,34,电子商务,历,531.0,531,22448.0,203,,,1.0,
2024,10650,四川外国语大学,37,国际经济与贸易,历,530.0,530,22904.0,203,,,1.0,
2024,10650,四川外国语大学,40,物流管理(中外合作办学),历,521.0,521,27268.0,204,,,1.0,中外合作
2024,10650,四川外国语大学,30,政治学类,历+政,550.0,550,14778.0,205,,,1.0,外交学、国际政治
2024,11072,江汉大学,3,会计学,历,533.0,528,23624.0,201,,,4.0,培养ACCA国际注册会计师人才
2024,11072,江汉大学,2,金融学,历,527.0,526,24550.0,201,,,4.0,培养CFA特许分析师人才
2024,10460,河南理工大学,6,英语,历,506.0,502,37715.0,201,,,3.0,
2024,10460,河南理工大学,5,金融学,历,517.0,508,34052.0,202,,,3.0,
2024,10460,河南理工大学,4,工商管理类,历,512.0,507,34627.0,202,,,4.0,工商管理、人力资源管理
2024,10370,安徽师范大学,2,汉语言文学(师范),历,568.0,556,12572.0,201,,,2.0,普师
2024,10370,安徽师范大学,3,法学,历,559.0,555,12898.0,201,,,2.0,
2024,10370,安徽师范大学,6,新闻学,历,551.0,550,14586.0,201,,,2.0,
2024,10370,安徽师范大学,4,社会工作,历,549.0,546,16081.0,201,,,3.0,
2024,10370,安徽师范大学,5,旅游管理,历,546.0,544,16857.0,201,,,2.0,
2024,11551,重庆科技大学,1,国际经济与贸易,历,,516,29606.0,201,,,3.0,
2024,10068,天津外国语大学,3,法语,历,539.0,539,19040.0,201,,,1.0,
2024,10068,天津外国语大学,4,西班牙语,历,538.0,538,19434.0,201,,,1.0,
2024,10068,天津外国语大学,7,阿拉伯语,历,538.0,538,19434.0,201,,,1.0,
2024,10068,天津外国语大学,9,国际经济与贸易,历,538.0,538,19434.0,201,,,1.0,
2024,10068,天津外国语大学,13,法学,历,537.0,537,19890.0,201,,,1.0,
2024,10068,天津外国语大学,2,日语,历,542.0,536,20312.0,201,,,2.0,
2024,10068,天津外国语大学,11,汉语言文学,历,535.0,535,20720.0,201,,,1.0,
2024,10068,天津外国语大学,1,外国语言文学类,历,549.0,533,21573.0,201,,,2.0,英语、翻译、商务英语
2024,10068,天津外国语大学,5,葡萄牙语,历,532.0,531,22448.0,201,,,2.0,
2024,10068,天津外国语大学,10,工商管理类,历,531.0,531,22448.0,201,,,1.0,会计学、财务管理、国际商务、人力资源管理
2024,10068,天津外国语大学,12,新闻传播学类,历,530.0,530,22904.0,201,,,1.0,新闻学、广告学、传播学、网络与新媒体
2024,10068,天津外国语大学,6,塞尔维亚语,历,529.0,529,23406.0,202,,,1.0,
2024,10068,天津外国语大学,8,缅甸语,历,527.0,527,24303.0,202,,,1.0,
2024,10068,天津外国语大学,14,外交学,历+政,549.0,549,15103.0,206,,,1.0,
2024,10068,天津外国语大学,15,国际组织与全球治理,历+政,547.0,547,15867.0,206,,,1.0,
2024,10065,天津师范大学,5,世界史,历,582.0,582,5988.0,201,,,1.0,
2024,10065,天津师范大学,1,汉语言文学(师范),历,574.0,556,12741.0,201,,,4.0,普师
2024,10065,天津师范大学,4,历史学,历,556.0,556,12741.0,201,,,1.0,
2024,10065,天津师范大学,9,法学,历,555.0,555,13053.0,201,,,1.0,
2024,10065,天津师范大学,10,英语(师范),历,559.0,549,15103.0,201,,,2.0,普师
2024,10065,天津师范大学,7,教育学类(师范),历,557.0,548,15476.0,201,,,2.0,普师
2024,10065,天津师范大学,11,日语,历,554.0,545,16647.0,201,,,2.0,
2024,10065,天津师范大学,2,新闻学,历,542.0,541,18225.0,201,,,2.0,
2024,10065,天津师范大学,12,朝鲜语,历,541.0,537,19890.0,201,,,2.0,
2024,10065,天津师范大学,3,广告学,历,533.0,533,21573.0,201,,,1.0,
2024,10065,天津师范大学,13,国际经济与贸易,历,539.0,529,23406.0,201,,,3.0,
2024,10065,天津师范大学,6,学前教育(师范),历,532.0,518,28774.0,203,,,2.0,普师
2024,10065,天津师范大学,8,政治学与行政学,历+政,562.0,562,10884.0,204,,,1.0,
2024,11065,青岛大学,1,法学,历,550.0,544,17066.0,201,,,2.0,
2024,11065,青岛大学,6,新闻学,历,530.0,530,22904.0,201,,,1.0,
2024,11065,青岛大学,2,德语,历,541.0,525,25306.0,201,,,3.0,
2024,11065,青岛大学,8,旅游管理,历,524.0,524,25792.0,201,,,2.0,
2024,11065,青岛大学,3,日语,历,534.0,517,29314.0,201,,,3.0,
2024,11065,青岛大学,5,西班牙语,历,528.0,514,30981.0,201,,,3.0,
2024,11065,青岛大学,4,法语,历,529.0,513,31496.0,201,,,3.0,
2024,11065,青岛大学,7,工商管理,历,528.0,512,32063.0,201,,,3.0,
2024,10636,四川师范大学,17,广播电视学,历,543.0,543,17254.0,201,,,1.0,
2024,10636,四川师范大学,6,法学,历,554.0,539,18828.0,201,,,2.0,
2024,10636,四川师范大学,9,纪检监察,历,538.0,538,19238.0,201,,,1.0,
2024,10636,四川师范大学,12,教育学,历,538.0,538,19238.0,201,,,1.0,
2024,10636,四川师范大学,25,经济学,历,538.0,538,19238.0,201,,,1.0,
2024,10636,四川师范大学,11,旅游管理,历,538.0,538,19238.0,201,,,1.0,
2024,10636,四川师范大学,18,网络与新媒体,历,538.0,538,19238.0,201,,,1.0,
2024,10636,四川师范大学,26,工商管理,历,537.0,537,19663.0,201,,,1.0,
2024,10636,四川师范大学,8,哲学,历,537.0,537,19663.0,201,,,1.0,
2024,10636,四川师范大学,14,小学教育,历,534.0,534,20923.0,201,,,1.0,
2024,10636,四川师范大学,32,财务管理,历,533.0,533,21349.0,201,,,1.0,
2024,10636,四川师范大学,23,法语,历,533.0,533,21349.0,201,,,1.0,
2024,10636,四川师范大学,31,会计学,历,533.0,533,21349.0,201,,,1.0,
2024,10636,四川师范大学,30,市场营销,历,533.0,533,21349.0,201,,,1.0,
2024,10636,四川师范大学,21,英语,历,541.0,533,21349.0,201,,,3.0,
2024,10636,四川师范大学,24,日语,历,532.0,532,21784.0,201,,,1.0,
2024,10636,四川师范大学,33,审计学,历,532.0,532,21784.0,201,,,1.0,
2024,10636,四川师范大学,22,俄语,历,531.0,531,22221.0,201,,,1.0,
2024,10636,四川师范大学,15,特殊教育,历,543.0,543,17254.0,202,,,1.0,
2024,10636,四川师范大学,16,心理学,历,539.0,539,18828.0,202,,,1.0,
2024,10636,四川师范大学,13,学前教育,历,535.0,535,20517.0,202,,,1.0,
2024,10636,四川师范大学,10,历史学,历+地,556.0,549,14941.0,203,,,4.0,
2024,10636,四川师范大学,27,地理科学,历+地,553.0,552,13870.0,204,,,2.0,
2024,10636,四川师范大学,28,自然地理与资源环境,历+地,546.0,546,16081.0,204,,,1.0,
2024,10636,四川师范大学,29,人文地理与城乡规划,历+地,545.0,545,16471.0,204,,,1.0,
2024,10636,四川师范大学,3,汉语言文学,历+政,573.0,562,10728.0,205,,,4.0,
2024,10636,四川师范大学,7,思想政治教育,历+政,560.0,550,14586.0,205,,,4.0,
2024,10636,四川师范大学,20,汉语国际教育,历+政,551.0,549,14941.0,205,,,2.0,
2024,10636,四川师范大学,4,秘书学,历+政,554.0,549,14941.0,205,,,2.0,
2024,10636,四川师范大学,5,戏剧影视文学,历,546.0,535,20517.0,224,,,2.0,
2024,10636,四川师范大学,19,广播电视编导,历,539.0,530,22677.0,224,,,2.0,
2024,10304,南通大学,7,秘书学,历,540.0,537,19663.0,201,,,2.0,
2024,10304,南通大学,10,法学,历,540.0,537,19663.0,201,,,3.0,
2024,10304,南通大学,8,新闻学,历,536.0,535,20517.0,201,,,2.0,
2024,10304,南通大学,11,行政管理,历,534.0,531,22221.0,202,,,2.0,
2024,10304,南通大学,12,学前教育(师范),历,532.0,530,22677.0,203,,,2.0,普师
2024,10304,南通大学,9,思想政治教育(师范),历+政,545.0,542,17624.0,204,,,2.0,普师
2024,11847,佛山大学,101,法学,历,549.0,538,19260.0,219,,,60.0,
2024,11847,佛山大学,102,知识产权,历,538.0,534,21111.0,219,,,20.0,
2024,11847,佛山大学,106,会计学,历,556.0,533,21273.0,219,,,50.0,
2024,11847,佛山大学,109,金融学,历,538.0,532,21909.0,219,,,20.0,
2024,11847,佛山大学,108,国际经济与贸易,历,534.0,532,21950.0,219,,,25.0,
2024,11847,佛山大学,103,旅游管理,历,538.0,530,22593.0,219,,,20.0,
2024,11847,佛山大学,104,人力资源管理,历,533.0,530,22837.0,219,,,35.0,
2024,11847,佛山大学,105,工商管理,历,537.0,529,22938.0,219,,,35.0,
2024,11847,佛山大学,107,市场营销,历,533.0,529,22942.0,219,,,40.0,
2024,11847,佛山大学,110,汉语言文学(师范),历,562.0,546,16285.0,220,,,50.0,普师
2024,11847,佛山大学,111,汉语言文学,历,552.0,543,17374.0,220,,,40.0,
2024,11847,佛山大学,112,英语(师范),历,546.0,538,19098.0,221,,,25.0,普师
2024,11847,佛山大学,113,英语,历,544.0,534,20751.0,221,,,40.0,
2024,11847,佛山大学,114,思想政治教育(师范),历+政,554.0,540,18562.0,222,,,20.0,普师
2024,11847,佛山大学,115,旅游管理,历,528.0,492,43925.0,223,,,30.0,与澳门旅游大学联合培养项目
2024,11560,西安财经大学,1,财政学,历,533.0,532,21784.0,201,,,2.0,
2024,11560,西安财经大学,3,商务英语,历,530.0,529,23156.0,201,,,2.0,
2024,11560,西安财经大学,2,保险学,历,532.0,529,23156.0,201,,,2.0,
2024,11560,西安财经大学,4,戏剧影视文学,历,517.0,506,35230.0,202,,,2.0,
2024,10089,河北医科大学,1,护理学类,历+生,533.0,529,23156.0,201,,,3.0,护理学、助产学
2024,10429,青岛理工大学,3,英语,历,,522,26767.0,201,,,2.0,
2024,10429,青岛理工大学,2,日语,历,,521,27268.0,202,,,1.0,
2024,10429,青岛理工大学,4,会计学,历,,514,30981.0,202,,,2.0,
2024,10429,青岛理工大学,1,市场营销,历,,512,32063.0,202,,,2.0,
2024,10057,天津科技大学,2,法学类,历,539.0,537,19890.0,201,,,2.0,法学、知识产权
2024,10057,天津科技大学,1,国际经济与贸易,历,534.0,534,21124.0,201,,,2.0,
2024,10057,天津科技大学,3,财务管理(中外合作办学),历,535.0,530,22904.0,202,,,2.0,中外合作
2024,10107,石家庄铁道大学,1,英语,历,515.0,510,32899.0,201,,,3.0,
2024,10172,大连外国语大学,2,英语,历,546.0,546,16081.0,201,,,1.0,
2024,10172,大连外国语大学,4,法语,历,542.0,542,17624.0,202,,,1.0,
2024,10172,大连外国语大学,9,国际经济与贸易,历,539.0,539,18828.0,202,,,1.0,
2024,10172,大连外国语大学,1,日语,历,538.0,537,19663.0,202,,,2.0,
2024,10172,大连外国语大学,8,朝鲜语,历,535.0,535,20517.0,202,,,1.0,
2024,10172,大连外国语大学,11,汉语国际教育,历,534.0,534,20923.0,202,,,1.0,
2024,10172,大连外国语大学,5,德语,历,533.0,533,21349.0,202,,,1.0,
2024,10172,大连外国语大学,3,俄语,历,533.0,532,21784.0,202,,,2.0,
2024,10172,大连外国语大学,6,西班牙语,历,535.0,532,21784.0,202,,,2.0,
2024,10172,大连外国语大学,12,跨境电子商务,历,531.0,531,22221.0,202,,,1.0,
2024,10172,大连外国语大学,10,旅游管理,历,530.0,530,22677.0,202,,,1.0,
2024,10172,大连外国语大学,7,葡萄牙语,历,529.0,529,23156.0,202,,,1.0,
2024,10394,福建师范大学,8,英语(师范),历,577.0,571,8351.0,201,,,4.0,普师
2024,10394,福建师范大学,7,历史学(师范),历,578.0,570,8615.0,202,,,3.0,普师
2024,10394,福建师范大学,3,新闻传播学类,历,568.0,563,10428.0,202,,,2.0,广播电视学、网络与新媒体
2024,10394,福建师范大学,6,教育学(师范),历,565.0,559,11614.0,202,,,4.0,普师
2024,10394,福建师范大学,4,西班牙语,历,559.0,554,13221.0,202,,,4.0,
2024,10394,福建师范大学,2,工商管理类,历,570.0,551,14218.0,202,,,5.0,工商管理、财务管理
2024,10394,福建师范大学,5,旅游管理,历,557.0,550,14586.0,202,,,4.0,
2024,10394,福建师范大学,9,汉语国际教育(师范),历,582.0,572,8108.0,203,,,4.0,普师
2024,10394,福建师范大学,10,汉语言文学(师范),历,587.0,581,6094.0,204,,,5.0,普师
2024,10394,福建师范大学,11,学前教育(中外合作办学)(师范),历,539.0,509,33471.0,205,,,6.0,普师
2024,10407,江西理工大学,8,英语,历,521.0,518,28511.0,201,,,4.0,
2024,10407,江西理工大学,9,日语,历,514.0,512,31780.0,201,,,3.0,
2024,10407,江西理工大学,1,法学,历,538.0,537,19663.0,202,,,2.0,
2024,10407,江西理工大学,5,会计学,历,541.0,533,21349.0,202,,,3.0,
2024,10407,江西理工大学,3,工商管理,历,529.0,525,25052.0,202,,,3.0,
2024,10407,江西理工大学,4,国际经济与贸易,历,531.0,524,25550.0,202,,,3.0,
2024,10407,江西理工大学,10,行政管理,历,525.0,522,26533.0,202,,,4.0,
2024,10407,江西理工大学,2,城乡规划(5年),历,526.0,521,27018.0,202,,,3.0,
2024,10407,江西理工大学,6,金融学,历,531.0,520,27505.0,202,,,3.0,
2024,10407,江西理工大学,7,汉语国际教育,历,523.0,520,27505.0,202,,,3.0,
2024,10032,北京语言大学,1,法语,历,579.0,579,6596.0,101,,,1.0,
2024,10032,北京语言大学,3,日语(日英复语),历,576.0,576,7288.0,101,,,1.0,
2024,10032,北京语言大学,2,阿拉伯语,历,575.0,575,7528.0,101,,,1.0,
2024,10032,北京语言大学,4,葡萄牙语,历,575.0,575,7528.0,101,,,1.0,
2024,10032,北京语言大学,5,印度尼西亚语(印英复语),历,574.0,574,7758.0,101,,,1.0,
2024,10032,北京语言大学,17,古典文献学,历,587.0,587,5015.0,201,,,1.0,
2024,10032,北京语言大学,15,汉语言文学,历,587.0,582,5988.0,201,,,6.0,
2024,10032,北京语言大学,24,新闻学,历,581.0,581,6198.0,201,,,1.0,培养国际新闻人才
2024,10032,北京语言大学,20,翻译,历,580.0,580,6392.0,201,,,1.0,培养汉英法人才
2024,10032,北京语言大学,19,翻译,历,578.0,578,6832.0,201,,,1.0,培养英语人才
2024,10032,北京语言大学,16,汉语国际教育,历,591.0,577,7046.0,201,,,4.0,
2024,10032,北京语言大学,25,网络与新媒体,历,573.0,573,7989.0,201,,,1.0,培养智能媒体人才
2024,10032,北京语言大学,26,新闻学,历,573.0,573,7989.0,201,,,1.0,培养国际出版人才
2024,10032,北京语言大学,11,经济学,历,572.0,572,8226.0,201,,,1.0,培养经济金融统计与分析人才
2024,10032,北京语言大学,18,外国语言文学类,历,579.0,571,8475.0,201,,,4.0,英语、英语(英西复语)、商务英语
2024,10032,北京语言大学,12,金融学,历,571.0,570,8754.0,201,,,2.0,
2024,10032,北京语言大学,22,传播学(梧桐计划人才实验班),历,570.0,570,8754.0,201,,,1.0,
2024,10032,北京语言大学,21,会计学,历,570.0,570,8754.0,201,,,1.0,
2024,10032,北京语言大学,13,国际政治,历+政,589.0,589,4674.0,202,,,1.0,
2024,10032,北京语言大学,14,国际事务与国际关系,历+政,581.0,581,6198.0,202,,,1.0,
2024,10032,北京语言大学,23,国际组织与全球治理,历+政,579.0,579,6596.0,202,,,1.0,
2024,10012,北京服装学院,6,传播学,历,522.0,522,26533.0,201,,,1.0,
2024,10012,北京服装学院,8,工商管理类,历,521.0,516,29606.0,201,,,2.0,工商管理、市场营销、文化产业管理
2024,10012,北京服装学院,7,广告学,历,513.0,513,31239.0,201,,,1.0,
2024,11647,浙江传媒学院,25,英语,历,542.0,535,20517.0,201,,,2.0,
2024,11647,浙江传媒学院,17,传播学,历,570.0,566,9603.0,202,,,2.0,
2024,11647,浙江传媒学院,18,汉语言文学,历,560.0,560,11295.0,202,,,1.0,培养网络文学与创意写作人才
2024,11647,浙江传媒学院,14,广播电视学,历,568.0,557,12244.0,202,,,3.0,
2024,11647,浙江传媒学院,15,新闻学,历,560.0,555,12898.0,202,,,2.0,
2024,11647,浙江传媒学院,22,广告学,历,550.0,549,14941.0,202,,,2.0,
2024,11647,浙江传媒学院,21,网络与新媒体,历,554.0,548,15290.0,202,,,3.0,
2024,11647,浙江传媒学院,16,编辑出版学,历,548.0,548,15290.0,202,,,1.0,
2024,11647,浙江传媒学院,23,会展经济与管理,历,547.0,547,15672.0,202,,,1.0,
2024,11647,浙江传媒学院,24,公共关系学,历,546.0,546,16081.0,202,,,1.0,
2024,11647,浙江传媒学院,20,文化产业管理,历,551.0,544,16857.0,202,,,4.0,
2024,11647,浙江传媒学院,19,汉语言文学,历,547.0,542,17624.0,202,,,5.0,
2024,11647,浙江传媒学院,26,传播学(中外合作办学),历,552.0,533,21349.0,203,,,4.0,中外合作
2024,11647,浙江传媒学院,11,数字媒体艺术,历,578.0,555,12898.0,213,,,3.0,
2024,11647,浙江传媒学院,10,广播电视编导,历,572.0,540,18420.0,213,,,8.0,
2024,11647,浙江传媒学院,13,戏剧影视文学,历,549.0,530,22677.0,213,,,6.0,
2024,11647,浙江传媒学院,12,摄影,历,539.0,528,23624.0,213,,,6.0,
2024,10378,安徽财经大学,3,经济与贸易类,历,530.0,528,23624.0,201,,,2.0,国际经济与贸易、贸易经济
2024,10378,安徽财经大学,6,供应链管理,历,527.0,526,24550.0,201,,,2.0,
2024,10378,安徽财经大学,2,金融学类,历,526.0,523,26045.0,201,,,2.0,投资学、保险学
2024,10378,安徽财经大学,7,会计学,历,544.0,541,18017.0,202,,,2.0,
2024,10378,安徽财经大学,1,经济学类,历,538.0,534,20923.0,202,,,2.0,经济学、国民经济管理
2024,10378,安徽财经大学,5,工商管理类,历,539.0,533,21349.0,202,,,2.0,工商管理、市场营销、人力资源管理
2024,10378,安徽财经大学,4,国际商务,历,538.0,533,21349.0,202,,,2.0,
2024,10445,山东师范大学,11,英语(师范),历,562.0,562,10884.0,201,,,1.0,普师
2024,10445,山东师范大学,9,中国语言文学类,历,564.0,564,10283.0,202,,,1.0,汉语言文学、汉语言、秘书学
2024,10445,山东师范大学,10,汉语国际教育(师范),历,558.0,558,12086.0,202,,,1.0,普师
2024,10445,山东师范大学,20,历史学(师范),历,554.0,550,14778.0,202,,,3.0,普师
2024,10445,山东师范大学,19,新闻传播学类,历,548.0,548,15476.0,202,,,1.0,新闻学、网络与新媒体
2024,10445,山东师范大学,6,法学,历,546.0,546,16293.0,202,,,1.0,
2024,10445,山东师范大学,13,西班牙语,历,544.0,544,17066.0,202,,,1.0,
2024,10445,山东师范大学,8,小学教育(师范),历,568.0,542,17807.0,202,,,1.0,普师
2024,10445,山东师范大学,15,日语(师范),历,539.0,539,19040.0,202,,,1.0,普师
2024,10445,山东师范大学,5,金融学类,历,545.0,537,19890.0,202,,,3.0,金融学、国际经济与贸易、经济学
2024,10445,山东师范大学,14,阿拉伯语,历,536.0,536,20312.0,202,,,1.0,
2024,10445,山东师范大学,12,俄语(师范),历,536.0,536,20312.0,202,,,1.0,普师
2024,10445,山东师范大学,16,朝鲜语,历,536.0,536,20312.0,202,,,1.0,
2024,10445,山东师范大学,22,工商管理类,历,538.0,536,20312.0,202,,,2.0,工商管理、会计学
2024,10445,山东师范大学,24,公共管理类,历,546.0,534,21124.0,202,,,4.0,行政管理、劳动与社会保障
2024,10445,山东师范大学,7,学前教育(师范),历,533.0,533,21573.0,203,,,1.0,普师
2024,10445,山东师范大学,21,地理科学类,历+地,566.0,550,14778.0,204,,,4.0,地理科学、地理信息科学
2024,10445,山东师范大学,4,思想政治教育(师范),历+政,581.0,581,6198.0,205,,,1.0,普师
2024,10445,山东师范大学,17,戏剧影视文学,历,521.0,520,27741.0,206,,,2.0,
2024,10445,山东师范大学,18,广播电视编导,历,513.0,507,34928.0,206,,,3.0,
2024,10445,山东师范大学,23,物流管理(中外合作办学),历,503.0,503,37387.0,216,,,1.0,中外合作
2024,10427,济南大学,4,汉语言文学(师范),历,550.0,535,20720.0,201,,,4.0,普师
2024,10427,济南大学,5,历史学(师范),历,538.0,529,23406.0,201,,,4.0,普师
2024,10427,济南大学,9,法学,历,538.0,526,24796.0,201,,,7.0,
2024,10427,济南大学,8,法语,历,527.0,526,24796.0,201,,,2.0,
2024,10427,济南大学,14,文化产业管理,历,531.0,524,25792.0,201,,,4.0,
2024,10427,济南大学,10,社会工作,历,530.0,524,25792.0,201,,,4.0,
2024,10427,济南大学,6,英语,历,528.0,522,26767.0,201,,,4.0,
2024,10427,济南大学,7,日语,历,527.0,522,26767.0,201,,,4.0,
2024,10427,济南大学,13,旅游管理,历,525.0,521,27268.0,201,,,4.0,
2024,10427,济南大学,15,应用心理学(师范),历,537.0,533,21573.0,202,,,5.0,普师
2024,10427,济南大学,11,公共管理类,历,534.0,530,22904.0,203,,,4.0,行政管理、劳动与社会保障
2024,10427,济南大学,12,思想政治教育(师范),历+政,550.0,549,15103.0,204,,,4.0,普师
2024,10389,福建农林大学,3,财务管理,历,548.0,534,20923.0,201,,,2.0,
2024,10389,福建农林大学,1,风景园林(中外合作办学),历,523.0,497,40863.0,202,,,3.0,中外合作
2024,10389,福建农林大学,2,农林经济管理(中外合作办学),历,503.0,480,52549.0,203,,,3.0,中外合作
2024,10405,东华理工大学,5,会计学,历,508.0,501,38351.0,201,,,3.0,
2024,10405,东华理工大学,2,财务管理,历,519.0,515,30161.0,202,,,4.0,
2024,10405,东华理工大学,4,国际经济与贸易,历,514.0,513,31239.0,202,,,5.0,
2024,10405,东华理工大学,3,市场营销,历,513.0,512,31780.0,202,,,3.0,
2024,13983,苏州城市学院,12,档案学,历,529.0,529,23156.0,203,,,1.0,
2024,13983,苏州城市学院,1,法学,历,525.0,523,26045.0,203,,,2.0,
2024,13983,苏州城市学院,4,汉语言文学,历,521.0,520,27505.0,203,,,2.0,
2024,13983,苏州城市学院,6,会计学,历,515.0,514,30703.0,203,,,2.0,
2024,13983,苏州城市学院,8,金融学,历,514.0,512,31780.0,203,,,2.0,
2024,13983,苏州城市学院,13,日语,历,512.0,512,31780.0,203,,,1.0,
2024,13983,苏州城市学院,3,新闻学,历,516.0,512,31780.0,203,,,2.0,
2024,13983,苏州城市学院,2,广告学,历,512.0,511,32349.0,203,,,2.0,
2024,13983,苏州城市学院,5,汉语国际教育,历,513.0,510,32899.0,203,,,2.0,
2024,13983,苏州城市学院,14,英语,历,510.0,510,32899.0,203,,,2.0,
2024,13983,苏州城市学院,9,国际经济与贸易,历,510.0,510,32899.0,203,,,2.0,
2024,13983,苏州城市学院,7,工商管理,历,510.0,509,33471.0,203,,,2.0,
2024,13983,苏州城市学院,10,市场营销,历,509.0,509,33471.0,203,,,2.0,
2024,13983,苏州城市学院,11,人力资源管理,历,508.0,508,34052.0,203,,,2.0,
2024,10619,西南科技大学,8,外国语言文学类,历,527.0,525,25052.0,201,,,3.0,英语、翻译
2024,10619,西南科技大学,7,西班牙语,历,529.0,522,26533.0,201,,,3.0,
2024,10619,西南科技大学,5,经济学,历,529.0,519,27995.0,201,,,3.0,
2024,10619,西南科技大学,6,会计学,历,534.0,531,22221.0,202,,,3.0,
2024,10619,西南科技大学,9,思想政治教育,历+政,537.0,532,21784.0,203,,,3.0,
2024,10466,河南农业大学,3,英语,历,521.0,512,32063.0,201,,,3.0,
2024,10466,河南农业大学,4,翻译,历,511.0,503,37387.0,201,,,4.0,
2024,10466,河南农业大学,2,经济学,历,520.0,507,34928.0,202,,,6.0,
2024,10466,河南农业大学,1,旅游管理,历,512.0,505,36119.0,202,,,3.0,
2024,10466,河南农业大学,5,经济与金融,历,522.0,505,36119.0,202,,,2.0,
2024,11535,湖南工业大学,8,汉语言文学,历,533.0,530,22904.0,201,,,2.0,
2024,11535,湖南工业大学,6,法学,历,540.0,526,24796.0,201,,,3.0,
2024,11535,湖南工业大学,9,新闻学,历,526.0,526,24796.0,201,,,2.0,
2024,11535,湖南工业大学,12,会计学,历,535.0,526,24796.0,201,,,2.0,
2024,11535,湖南工业大学,7,日语,历,526.0,523,26297.0,201,,,3.0,
2024,11535,湖南工业大学,10,广告学,历,526.0,523,26297.0,201,,,2.0,
2024,11535,湖南工业大学,5,工商管理,历,524.0,523,26297.0,201,,,2.0,
2024,11535,湖南工业大学,11,戏剧影视文学,历,525.0,522,26767.0,201,,,3.0,
2024,10634,川北医学院,1,护理学,历+生,516.0,508,34052.0,201,,,5.0,
2024,10364,安徽农业大学,1,英语,历,525.0,518,28511.0,201,,,2.0,
2024,11600,湖北经济学院,10,商务英语,历,521.0,521,27268.0,201,,,1.0,
2024,11600,湖北经济学院,5,电子商务,历,531.0,531,22448.0,202,,,1.0,
2024,11600,湖北经济学院,8,经济学,历,528.0,528,23840.0,202,,,1.0,
2024,11600,湖北经济学院,4,会计学,历,525.0,525,25306.0,202,,,1.0,
2024,11600,湖北经济学院,6,法学,历,523.0,523,26297.0,202,,,1.0,
2024,11600,湖北经济学院,7,金融学,历,523.0,523,26297.0,202,,,1.0,
2024,11600,湖北经济学院,3,国际经济与贸易,历,521.0,521,27268.0,202,,,1.0,
2024,11600,湖北经济学院,9,税收学,历,521.0,521,27268.0,202,,,1.0,
2024,12453,中国劳动关系学院,9,社会学,历,542.0,542,17624.0,201,,,1.0,
2024,12453,中国劳动关系学院,4,法学,历,537.0,537,19663.0,201,,,1.0,
2024,12453,中国劳动关系学院,1,劳动关系,历,535.0,530,22677.0,201,,,2.0,
2024,12453,中国劳动关系学院,6,劳动经济学,历,530.0,530,22677.0,201,,,1.0,
2024,12453,中国劳动关系学院,8,社会工作,历,528.0,528,23624.0,201,,,1.0,
2024,12453,中国劳动关系学院,7,劳动与社会保障,历,527.0,527,24072.0,201,,,1.0,
2024,12453,中国劳动关系学院,3,工商管理,历,527.0,527,24072.0,201,,,1.0,
2024,12453,中国劳动关系学院,10,汉语言文学,历,529.0,527,24072.0,201,,,2.0,
2024,12453,中国劳动关系学院,5,财务管理,历,524.0,524,25550.0,201,,,1.0,
2024,12453,中国劳动关系学院,11,戏剧影视文学,历,526.0,523,26045.0,201,,,2.0,
2024,12453,中国劳动关系学院,2,人力资源管理,历,527.0,522,26533.0,201,,,2.0,
2024,12453,中国劳动关系学院,13,旅游管理,历,524.0,522,26533.0,201,,,2.0,
2024,12453,中国劳动关系学院,12,酒店管理,历,522.0,522,26533.0,201,,,4.0,
2024,11819,东莞理工学院,141,汉语言文学(师范),历,547.0,534,20748.0,206,,,32.0,普师
2024,11819,东莞理工学院,125,汉语言文学,历,539.0,530,22496.0,206,,,30.0,
2024,11819,东莞理工学院,137,法学,历,547.0,530,22812.0,206,,,30.0,
2024,11819,东莞理工学院,133,英语,历,534.0,527,24158.0,206,,,20.0,
2024,11819,东莞理工学院,119,会计学,历,534.0,523,26064.0,206,,,52.0,
2024,11819,东莞理工学院,115,国际经济与贸易,历,529.0,519,28056.0,206,,,35.0,
2024,11819,东莞理工学院,139,社会工作,历,530.0,518,28340.0,206,,,15.0,
2024,11819,东莞理工学院,135,翻译,历,525.0,518,28343.0,206,,,10.0,
2024,11819,东莞理工学院,127,广播电视学,历,526.0,515,30145.0,206,,,30.0,
2024,11819,东莞理工学院,129,文化产业管理,历,540.0,515,30411.0,206,,,24.0,
2024,11819,东莞理工学院,123,工商管理,历,527.0,514,30550.0,206,,,30.0,
2024,11819,东莞理工学院,131,广播电视编导,历,522.0,514,30658.0,206,,,11.0,
2024,11819,东莞理工学院,121,人力资源管理,历,529.0,514,30682.0,206,,,30.0,
2024,11819,东莞理工学院,117,经济与金融,历,531.0,514,30716.0,206,,,48.0,
2024,11819,东莞理工学院,143,经济与金融,历,528.0,504,36177.0,218,,,30.0,粤台联合培养计划
2024,10110,中北大学,2,英语,历,519.0,516,29606.0,201,,,4.0,
2024,10110,中北大学,3,广播电视学,历,517.0,511,32349.0,202,,,6.0,
2024,10207,吉林财经大学,2,英语,历,,517,29045.0,201,,,1.0,
2024,10207,吉林财经大学,4,法学,历,,527,24072.0,203,,,2.0,
2024,10207,吉林财经大学,7,工商管理,历,,524,25550.0,203,,,1.0,
2024,10207,吉林财经大学,5,税收学,历,,523,26045.0,203,,,2.0,
2024,10207,吉林财经大学,1,会计学,历,,522,26533.0,203,,,2.0,
2024,10207,吉林财经大学,3,国际经济与贸易,历,,521,27018.0,203,,,1.0,
2024,10207,吉林财经大学,6,金融学,历,,521,27018.0,203,,,2.0,
2024,10207,吉林财经大学,8,行政管理,历,,520,27505.0,203,,,1.0,
2024,10207,吉林财经大学,9,广告学,历,,520,27505.0,203,,,1.0,
2024,10207,吉林财经大学,10,会计学(中外合作办学),历,,509,33471.0,204,,,2.0,中外合作
2024,10207,吉林财经大学,11,金融学(中外合作办学),历,,507,34627.0,204,,,2.0,中外合作
2024,10681,云南师范大学,3,教育学(师范),历,539.0,531,22221.0,201,,,2.0,普师
2024,10681,云南师范大学,5,汉语国际教育(师范),历,528.0,527,24072.0,201,,,4.0,普师
2024,10681,云南师范大学,7,小学教育(师范),历,531.0,526,24550.0,201,,,3.0,普师
2024,10681,云南师范大学,6,泰语,历,526.0,523,26045.0,201,,,3.0,
2024,10681,云南师范大学,8,西班牙语,历,529.0,520,27505.0,201,,,3.0,
2024,10681,云南师范大学,4,汉语言文学(师范),历+政,561.0,557,12244.0,203,,,2.0,普师
2024,11548,广西财经学院,1,国际经济与贸易,历,,507,34627.0,201,,,3.0,
2024,11548,广西财经学院,2,金融学,历,,504,36439.0,201,,,3.0,
2024,10671,贵州财经大学,3,法学,历,537.0,537,19663.0,201,,,1.0,
2024,10671,贵州财经大学,2,会计学,历,526.0,526,24550.0,201,,,1.0,
2024,10671,贵州财经大学,5,传播学,历,524.0,524,25550.0,201,,,1.0,
2024,10671,贵州财经大学,1,公共管理类,历,523.0,523,26045.0,201,,,1.0,行政管理、劳动与社会保障、土地资源管理、城市管理
2024,10671,贵州财经大学,4,广告学,历,522.0,520,27505.0,201,,,2.0,
2024,10538,中南林业科技大学,7,英语,历,531.0,526,24550.0,201,,,3.0,
2024,10538,中南林业科技大学,8,翻译,历,526.0,526,24550.0,201,,,2.0,
2024,10538,中南林业科技大学,9,日语,历,532.0,531,22221.0,202,,,2.0,
2024,10538,中南林业科技大学,12,法学,历,546.0,538,19238.0,203,,,2.0,
2024,10538,中南林业科技大学,1,会计学,历,535.0,532,21784.0,203,,,3.0,
2024,10538,中南林业科技大学,3,农林经济管理,历,531.0,530,22677.0,203,,,2.0,
2024,10538,中南林业科技大学,13,知识产权,历,530.0,527,24072.0,203,,,3.0,
2024,10538,中南林业科技大学,5,金融学,历,529.0,527,24072.0,203,,,4.0,
2024,10538,中南林业科技大学,4,人力资源管理,历,526.0,525,25052.0,203,,,3.0,
2024,10538,中南林业科技大学,6,国际经济与贸易,历,528.0,525,25052.0,203,,,4.0,
2024,10538,中南林业科技大学,11,旅游管理类,历,526.0,524,25550.0,203,,,4.0,旅游管理、酒店管理
2024,10538,中南林业科技大学,2,市场营销,历,524.0,524,25550.0,203,,,3.0,
2024,10538,中南林业科技大学,10,会展经济与管理,历,526.0,524,25550.0,203,,,4.0,
2024,10720,陕西理工大学,2,经济学,历,517.0,517,29314.0,201,,,1.0,
2024,10720,陕西理工大学,3,汉语国际教育,历,508.0,507,34928.0,201,,,2.0,
2024,10720,陕西理工大学,4,工商管理,历,507.0,504,36758.0,201,,,2.0,
2024,10150,大连交通大学,1,会计学(中外合作办学),历,506.0,499,39603.0,201,,,3.0,中外合作
2024,10463,河南工业大学,10,英语,历,533.0,524,25792.0,201,,,2.0,
2024,10463,河南工业大学,7,金融学,历,559.0,559,11773.0,202,,,1.0,
2024,10463,河南工业大学,3,法学,历,527.0,526,24796.0,202,,,2.0,
2024,10463,河南工业大学,2,财政学,历,521.0,521,27268.0,202,,,1.0,
2024,10463,河南工业大学,9,新闻学,历,521.0,521,27268.0,202,,,1.0,
2024,10463,河南工业大学,8,网络与新媒体,历,522.0,521,27268.0,202,,,1.0,
2024,10463,河南工业大学,4,工商管理,历,520.0,520,27741.0,202,,,1.0,
2024,10463,河南工业大学,5,国际经济与贸易,历,518.0,518,28774.0,202,,,1.0,
2024,10463,河南工业大学,6,会计学,历,518.0,516,29897.0,202,,,2.0,
2024,10341,浙江农林大学,12,文化产业管理,历,535.0,535,20517.0,201,,,1.0,
2024,10341,浙江农林大学,10,法学,历,532.0,532,21784.0,201,,,1.0,
2024,10341,浙江农林大学,6,会计学,历,529.0,529,23156.0,201,,,1.0,
2024,10341,浙江农林大学,8,工商管理,历,529.0,529,23156.0,201,,,1.0,
2024,10341,浙江农林大学,5,农林经济管理,历,528.0,528,23624.0,201,,,1.0,
2024,10341,浙江农林大学,7,国际经济与贸易,历,527.0,527,24072.0,201,,,1.0,
2024,10341,浙江农林大学,9,电子商务,历,527.0,527,24072.0,201,,,1.0,
2024,10341,浙江农林大学,11,城市管理,历,527.0,527,24072.0,201,,,1.0,
2024,10372,安庆师范大学,1,国际经济与贸易,历,508.0,498,40539.0,201,,,5.0,
2024,14389,成都师范学院,1,英语(师范),历,516.0,515,30161.0,201,,,3.0,普师
2024,80004,广东技术师范大学(河源校区),3,小学教育,历,,520,27590.0,203,,,25.0,
2024,12214,湖南医药学院,1,健康服务与管理,历,505.0,505,35825.0,201,,,1.0,
2024,10555,南华大学,1,法学,历,548.0,545,16647.0,201,,,2.0,
2024,10555,南华大学,8,汉语言文学,历,545.0,541,18225.0,201,,,2.0,
2024,10555,南华大学,5,会计学,历,543.0,537,19890.0,201,,,2.0,
2024,10555,南华大学,4,工商管理,历,539.0,537,19890.0,201,,,2.0,
2024,10555,南华大学,6,翻译,历,536.0,534,21124.0,201,,,2.0,
2024,10555,南华大学,3,国际经济与贸易,历,535.0,532,21993.0,201,,,4.0,
2024,10555,南华大学,2,经济学,历,532.0,531,22448.0,201,,,2.0,
2024,10555,南华大学,7,日语,历,531.0,530,22904.0,201,,,2.0,
2024,11658,海南师范大学,9,英语(师范),历,557.0,553,13696.0,201,,,2.0,普师
2024,11658,海南师范大学,7,学前教育(中外合作办学)(师范),历,509.0,500,39282.0,202,,,2.0,普师
2024,11658,海南师范大学,10,历史学(师范),历,555.0,542,17807.0,203,,,2.0,普师
2024,11658,海南师范大学,8,汉语言文学(师范),历,552.0,538,19434.0,203,,,8.0,普师
2024,11658,海南师范大学,13,法学,历,537.0,537,19890.0,203,,,2.0,
2024,11658,海南师范大学,16,旅游管理类,历,534.0,532,21993.0,203,,,2.0,旅游管理、酒店管理
2024,11658,海南师范大学,12,新闻传播学类,历,533.0,532,21993.0,203,,,2.0,新闻学、广播电视学
2024,11658,海南师范大学,19,应用心理学(师范),历,535.0,527,24303.0,204,,,2.0,普师
2024,11658,海南师范大学,6,教育学类(师范),历,535.0,524,25792.0,204,,,3.0,普师
2024,11658,海南师范大学,15,经济学类,历,537.0,534,21124.0,205,,,2.0,经济学、税收学、金融学、国际经济与贸易
2024,11658,海南师范大学,14,工商管理类,历,543.0,532,21993.0,205,,,2.0,人力资源管理、会计学
2024,11658,海南师范大学,11,地理科学类,历+地,546.0,544,17066.0,206,,,3.0,自然地理与资源环境、人文地理与城乡规划、地理信息科学
2024,11658,海南师范大学,17,汉语国际教育(师范),历+政,549.0,538,19434.0,207,,,4.0,普师
2024,11658,海南师范大学,18,广播电视编导,历,518.0,513,31496.0,222,,,3.0,
2024,10220,东北石油大学,4,英语,历,524.0,524,25792.0,201,,,1.0,
2024,10220,东北石油大学,2,汉语言文学,历,522.0,522,26767.0,202,,,1.0,
2024,10220,东北石油大学,3,会计学,历,508.0,508,34324.0,202,,,1.0,
2024,10220,东北石油大学,1,国际经济与贸易,历,507.0,507,34928.0,202,,,1.0,
2024,10165,辽宁师范大学,2,国际商务(中外合作办学),历,499.0,488,47236.0,201,,,4.0,中外合作
2024,10360,安徽工业大学,1,经济学,历,525.0,518,28511.0,201,,,2.0,
2024,10596,桂林理工大学,3,英语,历,515.0,511,32349.0,201,,,3.0,
2024,10596,桂林理工大学,4,日语,历,522.0,507,34627.0,202,,,2.0,
2024,10596,桂林理工大学,2,广告学,历,512.0,504,36439.0,203,,,3.0,
2024,10596,桂林理工大学,1,旅游管理,历,509.0,498,40232.0,203,,,2.0,
2024,10586,广州美术学院,51,艺术教育(师范),历,,518,28260.0,215,,,14.0,普师
2024,10586,广州美术学院,54,艺术管理,历,,514,30921.0,215,,,19.0,
2024,10586,广州美术学院,53,风景园林,历,,510,33158.0,215,,,13.0,
2024,10586,广州美术学院,52,建筑学(5年),历,,508,33890.0,215,,,28.0,
2024,10586,广州美术学院,56,艺术设计学,历,,508,34055.0,215,,,22.0,
2024,10484,河南财经政法大学,1,法学,历,550.0,546,16081.0,201,,,2.0,
2024,10484,河南财经政法大学,4,社会学类,历,542.0,542,17624.0,201,,,1.0,社会工作、社会学
2024,10484,河南财经政法大学,2,会计学,历,541.0,541,18017.0,201,,,1.0,
2024,10484,河南财经政法大学,3,公共管理类,历,539.0,539,18828.0,201,,,1.0,行政管理、劳动与社会保障
2024,10833,广东轻工职业技术大学,406,现代物流管理,历,506.0,498,40424.0,204,,,20.0,
2024,10125,山西财经大学,2,农林经济管理,历,516.0,516,29606.0,201,,,1.0,
2024,10125,山西财经大学,4,人力资源管理,历,514.0,514,30703.0,201,,,1.0,
2024,10125,山西财经大学,5,土地资源管理,历,513.0,513,31239.0,201,,,1.0,
2024,10125,山西财经大学,3,物流管理,历,508.0,508,34052.0,201,,,1.0,
2024,10624,中国民用航空飞行学院,5,英语,历,519.0,514,30981.0,201,,,4.0,
2024,10624,中国民用航空飞行学院,6,翻译,历,520.0,513,31496.0,201,,,4.0,
2024,10624,中国民用航空飞行学院,8,市场营销,历,529.0,529,23406.0,202,,,1.0,
2024,10624,中国民用航空飞行学院,7,工商管理,历,511.0,509,33778.0,202,,,2.0,
2024,10624,中国民用航空飞行学院,9,公共事业管理,历,513.0,509,33778.0,202,,,3.0,
2024,10624,中国民用航空飞行学院,4,思想政治教育,历+政,515.0,515,30424.0,203,,,2.0,
2024,14099,湖北第二师范学院,1,财务管理,历,518.0,514,30703.0,201,,,3.0,
2024,14099,湖北第二师范学院,2,学前教育(中外合作办学)(师范),历,489.0,487,47581.0,202,,,3.0,普师
2024,10476,河南师范大学,3,英语(师范),历,548.0,537,19663.0,201,,,10.0,普师
2024,10476,河南师范大学,4,汉语言文学(师范),历,552.0,546,16081.0,202,,,5.0,普师
2024,10476,河南师范大学,5,社会学类,历,544.0,536,20102.0,202,,,10.0,社会学、社会工作
2024,10476,河南师范大学,6,旅游管理,历,545.0,535,20517.0,202,,,5.0,
2024,10388,福建理工大学,1,知识产权,历,537.0,537,19663.0,201,,,1.0,
2024,10638,西华师范大学,3,日语,历,519.0,510,32899.0,201,,,3.0,
2024,10638,西华师范大学,4,国际经济与贸易,历,515.0,507,34627.0,201,,,5.0,
2024,10638,西华师范大学,5,地理科学(师范),历+化,500.0,495,42156.0,202,,,4.0,普师
2024,10152,大连工业大学,3,非物质文化遗产保护,历,512.0,510,32899.0,201,,,2.0,
2024,10152,大连工业大学,2,工商管理,历,495.0,490,45473.0,202,,,2.0,
2024,10152,大连工业大学,1,日语,历+政,493.0,493,43445.0,203,,,1.0,
2024,11077,长沙学院,3,英语,历,527.0,514,30981.0,201,,,2.0,
2024,11077,长沙学院,1,法学,历,527.0,526,24796.0,202,,,2.0,
2024,11077,长沙学院,2,汉语言文学,历,527.0,523,26297.0,202,,,2.0,
2024,11077,长沙学院,6,旅游管理,历,522.0,518,28774.0,202,,,2.0,
2024,11077,长沙学院,4,市场营销,历,511.0,510,33163.0,203,,,2.0,
2024,11077,长沙学院,5,公共事业管理,历,512.0,503,37387.0,203,,,4.0,
2024,10689,云南财经大学,3,财务管理,历,534.0,532,21784.0,201,,,2.0,
2024,10689,云南财经大学,1,投资学,历,527.0,525,25052.0,201,,,2.0,
2024,10689,云南财经大学,8,国际经贸规则,历,526.0,524,25550.0,201,,,2.0,
2024,10689,云南财经大学,5,会展经济与管理,历,525.0,523,26045.0,201,,,2.0,
2024,10689,云南财经大学,4,会计学(中外合作办学),历,518.0,494,42796.0,202,,,19.0,中外合作
2024,10689,云南财经大学,2,金融学(中外合作办学),历,509.0,493,43445.0,202,,,10.0,中外合作
2024,10689,云南财经大学,7,政治学与行政学,历+政,546.0,526,24550.0,203,,,2.0,
2024,10689,云南财经大学,6,酒店管理(中外合作办学),历,499.0,489,46194.0,208,,,6.0,中外合作
2024,11080,西安文理学院,1,历史学(师范),历,514.0,514,30703.0,201,,,2.0,普师
2024,11080,西安文理学院,2,文物与博物馆学,历,519.0,514,30703.0,201,,,2.0,
2024,11080,西安文理学院,3,旅游管理,历,514.0,511,32349.0,201,,,2.0,
2024,10205,长春师范大学,6,西班牙语,历,504.0,500,38971.0,201,,,2.0,
2024,10205,长春师范大学,3,汉语言文学(师范),历,543.0,527,24072.0,202,,,2.0,普师
2024,10205,长春师范大学,2,历史学(师范),历,531.0,527,24072.0,202,,,2.0,普师
2024,10205,长春师范大学,5,法学,历,523.0,523,26045.0,202,,,2.0,
2024,10205,长春师范大学,4,会计学,历,527.0,521,27018.0,202,,,2.0,
2024,10069,天津商业大学,8,翻译,历,523.0,519,28247.0,201,,,3.0,
2024,10069,天津商业大学,4,会计学,历,535.0,526,24796.0,202,,,3.0,
2024,10069,天津商业大学,5,法学,历,538.0,526,24796.0,202,,,4.0,
2024,10069,天津商业大学,1,经济学类,历,531.0,519,28247.0,202,,,6.0,经济学、财政学、金融学、信用管理、国际经济与贸易
2024,10069,天津商业大学,6,公共管理类,历,525.0,517,29314.0,202,,,4.0,公共事业管理、行政管理、土地资源管理
2024,10069,天津商业大学,2,工商管理类,历,519.0,517,29314.0,202,,,5.0,工商管理、市场营销、人力资源管理
2024,10069,天津商业大学,3,旅游管理类,历,518.0,516,29897.0,202,,,3.0,旅游管理、酒店管理
2024,10069,天津商业大学,7,会展经济与管理,历,518.0,516,29897.0,202,,,3.0,
2024,10069,天津商业大学,9,财务管理(中外合作办学),历,522.0,509,33778.0,203,,,4.0,中外合作
2024,10410,江西农业大学,1,土地资源管理,历,526.0,526,24550.0,202,,,1.0,
2024,10410,江西农业大学,3,英语,历,523.0,523,26045.0,202,,,1.0,培养翻译人才
2024,10410,江西农业大学,2,公共事业管理,历,519.0,512,31780.0,202,,,2.0,
2024,10186,长春理工大学,1,英语,历,511.0,510,32899.0,201,,,2.0,
2024,10186,长春理工大学,6,法学,历,530.0,523,26045.0,202,,,2.0,
2024,10186,长春理工大学,3,日语,历,510.0,500,38971.0,202,,,5.0,
2024,10186,长春理工大学,4,汉语国际教育,历,502.0,500,38971.0,202,,,2.0,
2024,10186,长春理工大学,5,网络与新媒体,历,506.0,500,38971.0,202,,,2.0,
2024,10186,长春理工大学,7,社会工作,历,506.0,500,38971.0,202,,,2.0,
2024,10186,长春理工大学,2,俄语,历,514.0,499,39603.0,202,,,4.0,
2024,10186,长春理工大学,8,工商管理类,历,514.0,502,37715.0,203,,,5.0,工商管理、会计学
2024,10920,湖北理工学院,2,商务英语,历,515.0,500,38971.0,201,,,2.0,
2024,10920,湖北理工学院,3,汉语言文学(师范),历,517.0,509,33471.0,202,,,3.0,普师
2024,10920,湖北理工学院,1,国际经济与贸易,历,507.0,504,36439.0,202,,,2.0,
2024,10920,湖北理工学院,4,服装设计与工程,历,514.0,499,39603.0,202,,,2.0,
2024,10679,大理大学,3,公共管理类,历,508.0,507,34627.0,201,,,2.0,公共事业管理、公共关系学
2024,10679,大理大学,1,新闻学,历,518.0,506,35230.0,201,,,2.0,
2024,10679,大理大学,2,广告学,历,507.0,505,35825.0,201,,,2.0,
2024,10439,山东第一医科大学,2,公共事业管理,历,513.0,499,39923.0,201,,,8.0,
2024,10439,山东第一医科大学,1,英语,历,511.0,499,39923.0,201,,,5.0,
2024,11825,桂林航天工业学院,1,人力资源管理,历,497.0,495,42156.0,201,,,2.0,
2024,10434,山东农业大学,7,法学,历,531.0,526,24796.0,201,,,3.0,
2024,10434,山东农业大学,6,文化产业管理,历,529.0,519,28247.0,201,,,4.0,
2024,10434,山东农业大学,3,金融学,历,519.0,517,29314.0,201,,,3.0,
2024,10434,山东农业大学,4,日语,历,525.0,516,29897.0,201,,,3.0,
2024,10434,山东农业大学,8,网络与新媒体,历,525.0,515,30424.0,201,,,6.0,
2024,10434,山东农业大学,5,行政管理,历,519.0,515,30424.0,201,,,2.0,
2024,10203,吉林师范大学,2,德语,历,506.0,505,35825.0,201,,,4.0,
2024,10203,吉林师范大学,3,地理科学(师范),历+地,532.0,531,22221.0,202,,,2.0,普师
2024,11149,中华女子学院,5,法学,历,540.0,535,20517.0,201,,,2.0,
2024,11149,中华女子学院,6,会计学,历,528.0,526,24550.0,201,,,3.0,
2024,11149,中华女子学院,7,人力资源管理,历,532.0,523,26045.0,201,,,2.0,
2024,11149,中华女子学院,8,养老服务管理,历,523.0,520,27505.0,201,,,4.0,
2024,11149,中华女子学院,3,社会工作,历,529.0,519,27995.0,201,,,3.0,
2024,11149,中华女子学院,10,应用心理学(师范),历,525.0,519,27995.0,201,,,2.0,普师
2024,11149,中华女子学院,11,网络与新媒体,历,524.0,516,29606.0,201,,,3.0,
2024,11149,中华女子学院,9,学前教育(师范),历,529.0,516,29606.0,201,,,3.0,普师
2024,11149,中华女子学院,4,社会学,历,526.0,516,29606.0,201,,,2.0,
2024,10462,郑州轻工业大学,2,财务管理,历,520.0,516,29606.0,201,,,2.0,
2024,10462,郑州轻工业大学,6,法学,历,528.0,516,29606.0,201,,,2.0,
2024,10462,郑州轻工业大学,3,电子商务,历,513.0,513,31239.0,201,,,2.0,
2024,10462,郑州轻工业大学,7,汉语国际教育,历,514.0,512,31780.0,201,,,2.0,
2024,10462,郑州轻工业大学,5,社会工作,历,512.0,511,32349.0,201,,,2.0,
2024,10462,郑州轻工业大学,1,工商管理,历,513.0,510,32899.0,201,,,2.0,
2024,10462,郑州轻工业大学,4,经济学,历,514.0,510,32899.0,201,,,3.0,
2024,11629,北华航天工业学院,1,会计学,历,495.0,495,42156.0,201,,,1.0,
2024,11629,北华航天工业学院,3,物流管理,历,493.0,493,43445.0,201,,,1.0,
2024,11629,北华航天工业学院,2,人力资源管理,历,493.0,493,43445.0,201,,,1.0,
2024,10485,郑州航空工业管理学院,2,中国语言文学类,历,514.0,504,36439.0,201,,,2.0,汉语言文学、汉语国际教育
2024,10485,郑州航空工业管理学院,3,外国语言文学类,历,511.0,502,37715.0,201,,,2.0,英语、翻译
2024,11318,江西科技师范大学,5,英语(师范),历,536.0,535,20517.0,201,,,2.0,普师
2024,11318,江西科技师范大学,3,法学,历,534.0,515,30161.0,202,,,3.0,
2024,11318,江西科技师范大学,6,会计学,历,526.0,512,31780.0,202,,,3.0,
2024,11318,江西科技师范大学,1,财务管理,历,511.0,509,33471.0,202,,,2.0,
2024,11318,江西科技师范大学,2,国际经济与贸易,历,521.0,504,36439.0,202,,,3.0,
2024,11318,江西科技师范大学,4,汉语言文学(师范),历,547.0,540,18420.0,203,,,4.0,普师
2024,11318,江西科技师范大学,7,学前教育(师范),历,511.0,508,34052.0,204,,,2.0,普师
2024,10077,河北地质大学,2,工商管理类(财会),历,509.0,509,33471.0,201,,,2.0,会计学、财务管理、审计学
2024,10077,河北地质大学,3,公共管理类,历,508.0,507,34627.0,201,,,2.0,行政管理、劳动与社会保障
2024,10077,河北地质大学,1,广告学,历,513.0,507,34627.0,201,,,2.0,
2024,10452,临沂大学,1,汉语言文学(师范),历,527.0,523,26045.0,201,,,5.0,普师
2024,10452,临沂大学,2,汉语国际教育(师范),历,520.0,518,28511.0,201,,,5.0,普师
2024,11053,徐州工程学院,1,英语,历,522.0,506,35230.0,201,,,2.0,
2024,11053,徐州工程学院,2,国际经济与贸易,历,502.0,502,37715.0,202,,,1.0,
2024,11053,徐州工程学院,3,旅游管理,历,499.0,499,39603.0,202,,,1.0,
2024,10549,湖南文理学院,4,商务英语,历,504.0,500,39282.0,201,,,2.0,
2024,10549,湖南文理学院,1,新闻学,历,509.0,507,34928.0,202,,,2.0,
2024,10549,湖南文理学院,6,会计学,历,507.0,506,35530.0,202,,,2.0,
2024,10549,湖南文理学院,2,法学,历,508.0,506,35530.0,202,,,2.0,
2024,10549,湖南文理学院,5,学前教育(师范),历,503.0,501,38658.0,202,,,2.0,普师
2024,10549,湖南文理学院,3,电子商务及法律,历,505.0,500,39282.0,202,,,2.0,
2024,10549,湖南文理学院,7,城乡规划(5年),历,500.0,499,39923.0,202,,,2.0,
2024,10640,内江师范学院,2,法学,历,520.0,520,27741.0,201,,,1.0,
2024,10640,内江师范学院,4,网络与新媒体,历,516.0,516,29897.0,201,,,1.0,
2024,10640,内江师范学院,3,历史学(师范),历,529.0,516,29897.0,201,,,2.0,普师
2024,10640,内江师范学院,6,教育学,历,516.0,516,29897.0,201,,,1.0,
2024,10640,内江师范学院,1,汉语言文学(师范),历,519.0,516,29897.0,201,,,2.0,普师
2024,10640,内江师范学院,5,地理科学(师范),历+地,511.0,511,32633.0,202,,,1.0,普师
2024,10449,山东航空学院,1,财务管理,历,506.0,506,35230.0,201,,,1.0,
2024,10588,广东技术师范大学,129,汉语言文学(师范),历,,552,13882.0,243,,,61.0,普师
2024,10588,广东技术师范大学,130,英语(师范),历,,545,16322.0,244,,,45.0,普师
2024,10588,广东技术师范大学,133,商务英语,历,,532,21934.0,247,,,12.0,
2024,10588,广东技术师范大学,134,日语,历,,530,22887.0,248,,,8.0,
2024,10588,广东技术师范大学,135,汉语言文学,历,,547,15598.0,249,,,7.0,
2024,10588,广东技术师范大学,136,新闻学,历,,534,20749.0,249,,,28.0,
2024,10588,广东技术师范大学,137,网络与新媒体,历,,534,20824.0,249,,,13.0,
2024,10588,广东技术师范大学,138,广播电视编导,历,,512,31812.0,250,,,35.0,
2024,10588,广东技术师范大学,139,戏剧影视文学,历,,508,34010.0,250,,,15.0,
2024,10588,广东技术师范大学,140,历史学(师范),历,,550,14769.0,251,,,17.0,普师
2024,10588,广东技术师范大学,142,应用心理学(师范),历,,538,19336.0,252,,,4.0,普师
2024,10588,广东技术师范大学,141,学前教育,历,,531,22214.0,252,,,12.0,
2024,10588,广东技术师范大学,146,会计学,历,,533,21226.0,253,,,23.0,
2024,10588,广东技术师范大学,148,财务会计教育,历,,532,21602.0,253,,,9.0,
2024,10588,广东技术师范大学,147,财务管理,历,,532,21867.0,253,,,23.0,
2024,10588,广东技术师范大学,144,金融学,历,,529,23220.0,253,,,39.0,
2024,10588,广东技术师范大学,145,国际经济与贸易,历,,529,23234.0,253,,,53.0,
2024,10588,广东技术师范大学,149,法学,历,,538,19414.0,254,,,77.0,
2024,10588,广东技术师范大学,154,电子商务(师范),历,,529,22941.0,255,,,4.0,普师
2024,10588,广东技术师范大学,152,市场营销,历,,525,25263.0,255,,,5.0,
2024,10588,广东技术师范大学,153,人力资源管理,历,,522,26497.0,255,,,23.0,
2024,10588,广东技术师范大学,151,工商管理,历,,522,26536.0,255,,,34.0,
2024,10588,广东技术师范大学,155,英语(师范),历,,490,45482.0,256,,,50.0,国际班，普师
2024,10588,广东技术师范大学,156,会计学,历,,493,43707.0,257,,,24.0,国际班
2024,10588,广东技术师范大学,157,工商管理,历,,490,45365.0,257,,,24.0,国际班
2024,10214,哈尔滨理工大学,1,英语,历,507.0,500,38971.0,201,,,12.0,
2024,10214,哈尔滨理工大学,2,日语,历,518.0,497,40863.0,202,,,8.0,
2024,13763,福建江夏学院,3,金融学,历,515.0,515,30161.0,201,,,1.0,
2024,13763,福建江夏学院,1,经济学,历,512.0,512,31780.0,201,,,1.0,
2024,13763,福建江夏学院,2,国际商务,历,510.0,510,32899.0,201,,,2.0,
2024,11319,南昌工程学院,5,英语,历,511.0,507,34928.0,201,,,2.0,
2024,11319,南昌工程学院,4,投资学,历,520.0,499,39923.0,202,,,2.0,
2024,11319,南昌工程学院,6,法语,历,499.0,497,41185.0,202,,,2.0,
2024,11319,南昌工程学院,3,国际经济与贸易,历,498.0,497,41185.0,202,,,2.0,
2024,11319,南昌工程学院,1,市场营销,历,497.0,496,41200.0,202,,,2.0,
2024,11319,南昌工程学院,2,人力资源管理,历,498.0,496,41275.0,202,,,2.0,
2024,11540,广东金融学院,4,会计学,历,544.0,534,20919.0,211,,,26.0,
2024,11540,广东金融学院,5,审计学,历,537.0,530,22470.0,211,,,32.0,
2024,11540,广东金融学院,6,财务管理,历,537.0,529,23039.0,211,,,31.0,
2024,11540,广东金融学院,2,财政学,历,535.0,528,23418.0,211,,,30.0,
2024,11540,广东金融学院,1,金融学,历,546.0,527,23865.0,211,,,75.0,
2024,11540,广东金融学院,3,投资学,历,529.0,527,24224.0,211,,,47.0,
2024,11540,广东金融学院,19,法学,历,548.0,523,26153.0,212,,,246.0,
2024,11540,广东金融学院,20,知识产权,历,527.0,519,28002.0,212,,,44.0,
2024,11540,广东金融学院,11,信用风险管理与法律防控,历,530.0,517,29046.0,212,,,44.0,
2024,11540,广东金融学院,32,国际经贸规则,历,527.0,515,30231.0,212,,,44.0,
2024,11540,广东金融学院,27,社会工作,历,523.0,512,31676.0,212,,,55.0,
2024,11540,广东金融学院,22,汉语言文学,历,544.0,522,26415.0,213,,,177.0,
2024,11540,广东金融学院,23,网络与新媒体,历,539.0,519,27893.0,213,,,75.0,
2024,11540,广东金融学院,18,翻译,历,526.0,514,30839.0,213,,,44.0,
2024,11540,广东金融学院,17,商务英语,历,531.0,514,30910.0,213,,,41.0,
2024,11540,广东金融学院,16,英语,历,531.0,513,31191.0,213,,,84.0,
2024,11540,广东金融学院,21,电子商务及法律,历,529.0,516,29892.0,214,,,11.0,
2024,11540,广东金融学院,8,国际商务,历,532.0,511,32190.0,214,,,55.0,
2024,11540,广东金融学院,12,工商管理,历,530.0,510,33134.0,214,,,74.0,
2024,11540,广东金融学院,30,应用心理学,历,527.0,509,33389.0,214,,,32.0,
2024,11540,广东金融学院,13,市场营销,历,522.0,507,34444.0,214,,,42.0,
2024,11540,广东金融学院,14,人力资源管理,历,525.0,507,34796.0,214,,,104.0,
2024,11540,广东金融学院,10,资产评估,历,527.0,505,35713.0,214,,,86.0,
2024,11540,广东金融学院,9,信用管理,历,525.0,504,36438.0,214,,,128.0,
2024,11540,广东金融学院,25,行政管理,历,528.0,502,37540.0,214,,,107.0,
2024,11540,广东金融学院,31,创业管理,历,530.0,502,37636.0,214,,,55.0,
2024,11540,广东金融学院,33,劳动与社会保障,历,522.0,502,37730.0,214,,,55.0,
2024,11540,广东金融学院,26,公共事业管理,历,515.0,502,37735.0,214,,,55.0,
2024,11540,广东金融学院,7,保险学,历,526.0,502,37741.0,214,,,153.0,
2024,11540,广东金融学院,203,金融学,历,492.0,490,45807.0,215,,,3.0,2+2中澳班
2024,11540,广东金融学院,202,会计学,历,521.0,489,46119.0,215,,,34.0,2+2国际班
2024,11540,广东金融学院,201,金融学,历,510.0,489,46224.0,215,,,33.0,2+2国际班
2024,11540,广东金融学院,205,金融学,历,519.0,489,46262.0,215,,,25.0,3+X国际班
2024,11540,广东金融学院,206,会计学,历,512.0,489,46371.0,215,,,56.0,3+X国际班
2024,11540,广东金融学院,204,会计学,历,512.0,489,46392.0,215,,,18.0,2+2中澳班
2024,11726,长春大学,11,英语,历,499.0,498,40539.0,201,,,2.0,
2024,11726,长春大学,13,俄语(中外合作办学),历,490.0,489,46554.0,202,,,2.0,中外合作
2024,11726,长春大学,10,汉语国际教育,历,510.0,509,33778.0,203,,,2.0,
2024,11726,长春大学,12,财务管理,历,503.0,500,39282.0,203,,,2.0,
2024,11311,三明学院,3,商务英语,历,519.0,519,27995.0,201,,,1.0,
2024,11311,三明学院,2,汉语言文学,历,527.0,527,24072.0,202,,,1.0,
2024,11311,三明学院,1,财务管理,历,499.0,499,39603.0,203,,,1.0,
2024,10571,广东医科大学,39,护理学,历+化,518.0,483,50102.0,206,,,5.0,
2024,10571,广东医科大学,40,助产学,历+化,494.0,477,55176.0,206,,,5.0,
2024,10571,广东医科大学,41,护理学,历+化,510.0,451,75514.0,206,,,30.0,东莞校区
2024,10571,广东医科大学,42,应用心理学,历,542.0,527,24041.0,207,,,21.0,
2024,10571,广东医科大学,45,健康服务与管理,历,533.0,519,28025.0,207,,,19.0,
2024,10571,广东医科大学,46,医疗保险,历,532.0,516,29367.0,207,,,11.0,
2024,10571,广东医科大学,43,社会工作,历,530.0,515,30040.0,207,,,19.0,
2024,10571,广东医科大学,44,公共事业管理,历,531.0,514,30666.0,207,,,19.0,
2024,10571,广东医科大学,47,英语,历,562.0,509,33485.0,207,,,141.0,
2024,10908,山东工艺美术学院,1,文化产业管理,历,,488,46896.0,201,,,4.0,
2024,10451,鲁东大学,1,社会工作,历,511.0,488,47236.0,201,,,4.0,
2024,10451,鲁东大学,2,学前教育(师范),历,485.0,478,54465.0,201,,,6.0,普师
2024,10212,黑龙江大学,6,法学,历,559.0,546,16293.0,201,,,2.0,中俄学院授课
2024,10212,黑龙江大学,4,图书馆学,历,542.0,529,23406.0,201,,,3.0,
2024,10212,黑龙江大学,7,金融学,历,531.0,516,29897.0,201,,,6.0,“3+1”培养模式，与法国巴黎南泰尔大学联合培养项目
2024,10212,黑龙江大学,2,广告学,历,515.0,509,33778.0,201,,,4.0,
2024,10212,黑龙江大学,3,传播学,历,522.0,508,34324.0,201,,,12.0,
2024,10212,黑龙江大学,5,旅游管理,历,544.0,505,36119.0,201,,,12.0,
2024,10347,湖州师范学院,1,知识产权,历,526.0,524,25550.0,201,,,2.0,
2024,10464,河南科技大学,1,经济学,历,516.0,515,30161.0,201,,,2.0,
2024,10464,河南科技大学,2,国际经济与贸易,历,519.0,514,30703.0,201,,,2.0,
2024,10349,绍兴文理学院,1,工商管理,历,519.0,508,34052.0,201,,,5.0,
2024,10118,山西师范大学,4,历史学(师范),历,530.0,530,22677.0,201,,,2.0,普师
2024,10118,山西师范大学,5,编辑出版学,历,529.0,529,23156.0,201,,,1.0,
2024,10118,山西师范大学,6,网络与新媒体,历,528.0,525,25052.0,201,,,2.0,
2024,10118,山西师范大学,3,小学教育(师范),历,525.0,524,25550.0,201,,,2.0,普师
2024,11342,湖南工程学院,1,经济学,历,504.0,499,39923.0,201,,,2.0,
2024,11407,北方民族大学,2,工商管理类,历,520.0,520,27741.0,201,,,1.0,会计学、财务管理
2024,11407,北方民族大学,3,法学,历,521.0,518,28774.0,201,,,2.0,
2024,11407,北方民族大学,4,汉语言文学,历,518.0,518,28774.0,201,,,1.0,
2024,11407,北方民族大学,1,工商管理类,历,512.0,512,32063.0,201,,,1.0,工商管理、人力资源管理
2024,11407,北方民族大学,5,新闻传播学类,历,509.0,509,33778.0,201,,,1.0,新闻学、传播学
2024,11390,玉溪师范学院,2,小学教育(师范),历,495.0,495,42156.0,201,,,2.0,普师
2024,11390,玉溪师范学院,1,新闻学,历,495.0,495,42156.0,201,,,2.0,
2024,10792,天津城建大学,4,城市管理,历,496.0,496,41514.0,201,,,1.0,
2024,10792,天津城建大学,1,建筑学(5年),历,496.0,496,41514.0,201,,,1.0,
2024,10792,天津城建大学,5,投资学,历,494.0,494,42796.0,201,,,1.0,
2024,10792,天津城建大学,2,城乡规划(5年),历,493.0,493,43445.0,201,,,1.0,
2024,10792,天津城建大学,3,风景园林,历,491.0,491,44775.0,202,,,1.0,
2024,10792,天津城建大学,7,建筑学(中外合作办学)(5年),历,484.0,479,53327.0,203,,,2.0,中外合作
2024,10792,天津城建大学,8,风景园林(中外合作办学),历,481.0,478,54098.0,204,,,2.0,中外合作
2024,10792,天津城建大学,6,地理信息科学,历+地,537.0,522,26533.0,205,,,3.0,
2024,11106,广州航海学院,38,法学,历,538.0,521,27018.0,211,,,46.0,培养海商法人才
2024,11106,广州航海学院,39,海事管理,历,523.0,517,29045.0,211,,,30.0,
2024,11106,广州航海学院,43,财务管理,历,524.0,512,31780.0,211,,,37.0,
2024,11106,广州航海学院,46,交通管理,历,525.0,509,33471.0,211,,,39.0,
2024,11106,广州航海学院,42,金融学,历,527.0,506,35230.0,211,,,46.0,
2024,11106,广州航海学院,44,国际商务,历,518.0,504,36439.0,211,,,16.0,
2024,11106,广州航海学院,40,商务英语,历,520.0,503,37073.0,211,,,46.0,
2024,11106,广州航海学院,45,跨境电子商务,历,517.0,503,37073.0,211,,,41.0,
2024,11106,广州航海学院,47,物流管理,历,516.0,503,37073.0,211,,,39.0,
2024,11106,广州航海学院,48,旅游管理,历,542.0,503,37073.0,211,,,20.0,
2024,11106,广州航海学院,49,金融学,历,501.0,489,46194.0,212,,,18.0,与澳大利亚悉尼科技大学及科廷大学联合培养项目
2024,11106,广州航海学院,50,物流管理,历,510.0,488,46896.0,213,,,18.0,与德国德累斯顿国际大学及欧洲应用科技大学联合培养项目
2024,10566,广东海洋大学,35,汉语言文学,历,,525,24942.0,226,,,197.0,
2024,10566,广东海洋大学,39,网络与新媒体,历,,522,26316.0,226,,,32.0,
2024,10566,广东海洋大学,38,新闻学,历,,520,27586.0,226,,,25.0,
2024,10566,广东海洋大学,36,秘书学,历,,517,28858.0,226,,,62.0,
2024,10566,广东海洋大学,37,汉语国际教育,历,,517,28934.0,226,,,62.0,
2024,10566,广东海洋大学,45,日语,历,,513,31046.0,226,,,48.0,
2024,10566,广东海洋大学,44,英语,历,,513,31069.0,226,,,185.0,
2024,10566,广东海洋大学,25,经济学,历,,528,23515.0,227,,,2.0,
2024,10566,广东海洋大学,27,经济与金融,历,,527,24056.0,227,,,2.0,
2024,10566,广东海洋大学,29,会计学,历,,526,24309.0,227,,,33.0,
2024,10566,广东海洋大学,41,法学,历,,525,24990.0,227,,,204.0,
2024,10566,广东海洋大学,30,财务管理,历,,524,25415.0,227,,,39.0,
2024,10566,广东海洋大学,26,国际经济与贸易,历,,524,25631.0,227,,,23.0,
2024,10566,广东海洋大学,28,工商管理,历,,521,26775.0,227,,,24.0,
2024,10566,广东海洋大学,31,旅游管理,历,,514,30720.0,227,,,78.0,
2024,10566,广东海洋大学,34,土地资源管理,历,,514,30867.0,227,,,64.0,
2024,10566,广东海洋大学,33,行政管理,历,,513,30991.0,227,,,70.0,
2024,10566,广东海洋大学,43,社会学,历,,513,31024.0,227,,,104.0,
2024,10566,广东海洋大学,42,政治学与行政学,历+政,,515,29918.0,228,,,51.0,
2024,10566,广东海洋大学,130,会计学,历,,520,27526.0,230,,,18.0,阳江校区
2024,10566,广东海洋大学,132,经济学,历,,516,29362.0,230,,,16.0,阳江校区
2024,10566,广东海洋大学,129,工商管理,历,,515,30011.0,230,,,16.0,阳江校区
2024,10566,广东海洋大学,131,旅游管理,历,,513,31045.0,230,,,27.0,阳江校区
2024,10430,山东建筑大学,2,英语,历,514.0,511,32349.0,201,,,2.0,
2024,10430,山东建筑大学,1,法学,历,523.0,523,26045.0,202,,,2.0,
2024,10219,黑龙江科技大学,10,商务英语,历,495.0,495,42156.0,201,,,1.0,
2024,10219,黑龙江科技大学,9,英语,历,496.0,494,42796.0,201,,,2.0,
2024,10219,黑龙江科技大学,11,社会学,历,507.0,507,34627.0,202,,,1.0,
2024,10219,黑龙江科技大学,14,汉语言文学,历,515.0,505,35825.0,202,,,2.0,
2024,10219,黑龙江科技大学,1,国际经济与贸易,历,500.0,500,38971.0,202,,,1.0,
2024,10219,黑龙江科技大学,4,会计学,历,503.0,498,40232.0,202,,,2.0,
2024,10219,黑龙江科技大学,5,财务管理,历,501.0,495,42156.0,202,,,2.0,
2024,10219,黑龙江科技大学,3,经济学,历,495.0,495,42156.0,202,,,1.0,
2024,10219,黑龙江科技大学,12,社会工作,历,495.0,495,42156.0,202,,,1.0,
2024,10219,黑龙江科技大学,2,金融学,历,495.0,494,42796.0,202,,,2.0,
2024,10219,黑龙江科技大学,7,市场营销,历,494.0,494,42796.0,202,,,1.0,
2024,10219,黑龙江科技大学,8,公共事业管理,历,494.0,494,42796.0,202,,,1.0,
2024,10219,黑龙江科技大学,6,工商管理,历,494.0,494,42796.0,202,,,1.0,
2024,10219,黑龙江科技大学,13,思想政治教育,历+政,499.0,499,39603.0,203,,,2.0,
2024,11607,北部湾大学,5,英语(师范),历,518.0,512,32063.0,201,,,3.0,普师
2024,11607,北部湾大学,4,汉语国际教育,历,511.0,505,36119.0,202,,,4.0,
2024,11607,北部湾大学,2,国际经济与贸易,历,504.0,501,38658.0,202,,,3.0,
2024,11607,北部湾大学,1,财务管理,历,504.0,497,41185.0,202,,,3.0,
2024,11607,北部湾大学,6,泰语,历,499.0,497,41185.0,202,,,2.0,
2024,11607,北部湾大学,7,越南语,历,497.0,497,41185.0,202,,,2.0,
2024,11607,北部湾大学,3,汉语言文学(师范),历,518.0,516,29897.0,203,,,4.0,普师
2024,11607,北部湾大学,8,地理科学(师范),历+地,508.0,507,34928.0,204,,,2.0,普师
2024,10113,山西农业大学,1,物流管理,历,502.0,498,40539.0,201,,,2.0,
2024,10113,山西农业大学,2,公共事业管理,历+政,506.0,503,37387.0,202,,,2.0,
2024,13437,南昌医学院,5,养老服务管理,历,,495,42156.0,201,,,1.0,
2024,13437,南昌医学院,2,市场营销,历,,494,42796.0,201,,,1.0,
2024,13437,南昌医学院,1,保险学,历,,494,42796.0,201,,,1.0,
2024,13437,南昌医学院,3,护理学,历+生,,505,35825.0,202,,,4.0,
2024,13437,南昌医学院,4,助产学,历+生,,500,38971.0,202,,,4.0,
2024,10644,四川文理学院,1,健康服务与管理,历,495.0,495,42156.0,201,,,3.0,
2024,10644,四川文理学院,2,人力资源管理,历,507.0,495,42156.0,201,,,3.0,
2024,10644,四川文理学院,3,文化产业管理,历,496.0,495,42156.0,201,,,3.0,
2024,11775,防灾科技学院,3,英语,历,499.0,496,41514.0,201,,,2.0,
2024,11775,防灾科技学院,2,网络与新媒体,历,499.0,497,40863.0,202,,,3.0,
2024,11775,防灾科技学院,1,广告学,历,500.0,495,42156.0,203,,,4.0,
2024,10573,广东药科大学,23,英语,历,528.0,515,30046.0,208,,,30.0,广州校区
2024,10573,广东药科大学,32,国际经济与贸易,历,530.0,503,36770.0,208,,,69.0,
2024,10573,广东药科大学,34,经济学,历,534.0,502,37705.0,208,,,69.0,
2024,10573,广东药科大学,36,人力资源管理,历,522.0,500,38992.0,208,,,64.0,
2024,10573,广东药科大学,65,健康服务与管理,历,528.0,500,39157.0,208,,,55.0,云浮校区
2024,10573,广东药科大学,42,公共事业管理,历,513.0,499,39389.0,208,,,64.0,
2024,10573,广东药科大学,40,电子商务,历,525.0,499,39430.0,208,,,64.0,
2024,10573,广东药科大学,38,市场营销,历,516.0,499,39514.0,208,,,64.0,
2024,10573,广东药科大学,44,物流管理,历,517.0,499,39551.0,208,,,64.0,
2024,10573,广东药科大学,63,护理学,历+化,511.0,477,54870.0,209,,,20.0,云浮校区
2024,10545,湘南学院,4,商务英语,历,502.0,496,41841.0,201,,,2.0,
2024,10545,湘南学院,3,翻译,历,496.0,496,41841.0,201,,,1.0,
2024,10545,湘南学院,5,社会工作,历,495.0,495,42470.0,201,,,1.0,
2024,10399,泉州师范学院,2,汉语言文学(师范),历,534.0,532,21784.0,201,,,2.0,普师
2024,10399,泉州师范学院,3,广告学,历,530.0,529,23156.0,201,,,2.0,
2024,10399,泉州师范学院,1,特殊教育(师范),历,522.0,516,29606.0,202,,,3.0,普师
2024,10071,天津体育学院,6,新闻学,历,512.0,512,31780.0,201,,,1.0,
2024,10071,天津体育学院,4,公共事业管理,历,504.0,503,37073.0,201,,,2.0,
2024,10071,天津体育学院,5,市场营销,历,499.0,499,39603.0,201,,,1.0,
2024,11538,湖南女子学院,2,市场营销,历,497.0,497,40863.0,201,,,1.0,
2024,11538,湖南女子学院,1,国际经济与贸易,历,496.0,496,41514.0,201,,,1.0,
2024,11538,湖南女子学院,3,人力资源管理,历,494.0,494,42796.0,201,,,2.0,
2024,14278,广东第二师范学院,41,汉语言文学(师范),历,571.0,527,24199.0,211,,,170.0,普师
2024,14278,广东第二师范学院,38,历史学(师范),历,548.0,522,26566.0,211,,,88.0,普师
2024,14278,广东第二师范学院,42,汉语国际教育(师范),历,533.0,517,29082.0,211,,,42.0,普师
2024,14278,广东第二师范学院,48,酒店管理,历,519.0,514,30972.0,211,,,25.0,
2024,14278,广东第二师范学院,47,旅游管理与服务教育,历,527.0,513,31339.0,211,,,25.0,
2024,14278,广东第二师范学院,40,社会工作,历,533.0,511,32210.0,211,,,40.0,
2024,14278,广东第二师范学院,49,电子商务,历,532.0,511,32302.0,211,,,48.0,
2024,14278,广东第二师范学院,43,英语(师范),历,545.0,529,22950.0,212,,,42.0,普师
2024,14278,广东第二师范学院,45,商务英语,历,534.0,526,24700.0,212,,,30.0,
2024,14278,广东第二师范学院,44,翻译,历,529.0,526,24752.0,212,,,15.0,
2024,14278,广东第二师范学院,34,应用心理学(师范),历,547.0,511,32185.0,213,,,50.0,普师
2024,14278,广东第二师范学院,36,特殊教育(师范),历,553.0,510,32650.0,213,,,25.0,普师
2024,14278,广东第二师范学院,35,学前教育(师范),历,530.0,508,33932.0,213,,,50.0,普师
2024,14278,广东第二师范学院,37,思想政治教育(师范),历+政,553.0,537,19757.0,214,,,68.0,普师
2024,14278,广东第二师范学院,78,广播电视编导,历,520.0,496,41234.0,216,,,50.0,
2024,14278,广东第二师范学院,50,英语(师范),历,537.0,497,40936.0,228,,,15.0,普师，中外人才培养实验班
2024,14278,广东第二师范学院,51,翻译,历,502.0,489,46306.0,229,,,15.0,中外人才培养实验班
2024,14278,广东第二师范学院,52,商务英语,历,511.0,493,43572.0,230,,,15.0,中外人才培养实验班
2024,10876,浙江万里学院,2,电子商务,历,498.0,495,42156.0,201,,,2.0,
2024,10876,浙江万里学院,1,广告学(中外合作办学),历,502.0,487,47581.0,202,,,5.0,中外合作
2024,11546,广西科技师范学院,3,汉语言文学(师范),历,502.0,501,38351.0,201,,,4.0,普师
2024,11546,广西科技师范学院,5,网络与新媒体,历,499.0,497,40863.0,201,,,2.0,
2024,11546,广西科技师范学院,2,小学教育(师范),历,501.0,496,41514.0,201,,,2.0,普师
2024,11546,广西科技师范学院,1,学前教育(师范),历,500.0,496,41514.0,201,,,2.0,普师
2024,11546,广西科技师范学院,4,英语(师范),历,496.0,496,41514.0,201,,,2.0,普师
2024,11546,广西科技师范学院,7,物流管理,历,498.0,495,42156.0,201,,,2.0,
2024,11349,五邑大学,15,会计学,历,529.0,520,27505.0,210,,,21.0,
2024,11349,五邑大学,11,国际经济与贸易,历,521.0,511,32349.0,210,,,31.0,
2024,11349,五邑大学,21,工商管理,历,529.0,511,32349.0,210,,,20.0,
2024,11349,五邑大学,23,电子商务,历,520.0,510,32899.0,210,,,16.0,
2024,11349,五邑大学,13,金融学,历,532.0,509,33471.0,210,,,54.0,
2024,11349,五邑大学,17,市场营销,历,518.0,507,34627.0,210,,,31.0,
2024,11349,五邑大学,19,旅游管理,历,517.0,507,34627.0,210,,,32.0,
2024,11349,五邑大学,41,建筑学(5年),历,517.0,507,34627.0,210,,,19.0,
2024,11349,五邑大学,31,汉语言文学(师范),历,549.0,530,22677.0,211,,,40.0,普师
2024,11349,五邑大学,39,英语(师范),历,530.0,524,25550.0,211,,,22.0,普师
2024,11349,五邑大学,25,法学,历,537.0,523,26045.0,211,,,58.0,
2024,11349,五邑大学,29,汉语言文学,历,534.0,522,26533.0,211,,,71.0,
2024,11349,五邑大学,37,英语,历,525.0,520,27505.0,211,,,21.0,
2024,11349,五邑大学,27,社会工作,历,528.0,518,28511.0,211,,,28.0,
2024,11349,五邑大学,33,日语,历,524.0,518,28511.0,211,,,21.0,
2024,11349,五邑大学,35,商务英语,历,531.0,518,28511.0,211,,,31.0,
2024,11360,攀枝花学院,1,商务英语,历,495.0,494,42796.0,201,,,3.0,
2024,10417,宜春学院,3,法学,历,506.0,506,35530.0,201,,,1.0,
2024,10417,宜春学院,2,广告学,历,503.0,497,41185.0,201,,,2.0,
2024,10417,宜春学院,4,财务管理,历,496.0,496,41841.0,201,,,1.0,
2024,10417,宜春学院,25,体育教育(师范),历,493.0,493,43768.0,202,,,1.0,普师
2024,10417,宜春学院,6,护理学,历+生,496.0,496,41841.0,203,,,1.0,辅修医学美容技术，在美容医学院就读
2024,10417,宜春学院,5,园林,历+生,495.0,493,43768.0,203,,,2.0,
2024,11843,九江学院,2,汉语言文学(师范),历,501.0,498,40539.0,201,,,3.0,普师
2024,11843,九江学院,3,会计学,历,497.0,496,41841.0,201,,,3.0,
2024,11843,九江学院,1,国际经济与贸易,历,495.0,495,42470.0,201,,,2.0,
2024,11843,九江学院,4,跨境电子商务,历,496.0,495,42470.0,201,,,2.0,
2024,13386,山东石油化工学院,1,学前教育(师范),历,494.0,493,43768.0,201,,,2.0,普师
2024,10169,鞍山师范学院,1,社会工作,历,493.0,493,43445.0,201,,,1.0,
2024,11688,山东工商学院,1,英语,历,493.0,493,43445.0,201,,,1.0,
2024,11688,山东工商学院,8,翻译,历,494.0,492,44103.0,201,,,2.0,
2024,11688,山东工商学院,6,朝鲜语,历,492.0,492,44103.0,201,,,1.0,
2024,11688,山东工商学院,7,商务英语,历,492.0,492,44103.0,201,,,1.0,
2024,11688,山东工商学院,2,法学,历,514.0,514,30703.0,202,,,1.0,
2024,11688,山东工商学院,5,汉语言文学,历,507.0,505,35825.0,202,,,2.0,
2024,11688,山东工商学院,9,劳动与社会保障,历,503.0,503,37073.0,202,,,1.0,
2024,11688,山东工商学院,3,会计学,历,503.0,503,37073.0,202,,,1.0,
2024,11688,山东工商学院,4,政治学与行政学,历+政,502.0,502,37715.0,203,,,1.0,
2024,10577,惠州学院,1,思想政治教育(师范),历+政,539.0,525,25200.0,201,,,73.0,普师
2024,10577,惠州学院,11,地理科学(师范),历+地,534.0,515,30220.0,202,,,47.0,普师
2024,10577,惠州学院,12,地理信息科学,历+地,535.0,513,31338.0,202,,,20.0,
2024,10577,惠州学院,3,小学教育(师范),历,525.0,519,27867.0,203,,,25.0,普师
2024,10577,惠州学院,4,汉语言文学(师范),历,547.0,528,23757.0,204,,,178.0,普师
2024,10577,惠州学院,6,英语(师范),历,542.0,513,31326.0,205,,,135.0,普师
2024,10577,惠州学院,9,历史学(师范),历,551.0,520,27530.0,206,,,88.0,普师
2024,10577,惠州学院,2,学前教育(师范),历,523.0,505,35903.0,207,,,23.0,普师
2024,10577,惠州学院,5,网络与新媒体,历,530.0,512,31857.0,208,,,50.0,
2024,10577,惠州学院,7,日语,历,526.0,499,39320.0,209,,,30.0,
2024,10577,惠州学院,10,法学,历,534.0,517,28976.0,210,,,106.0,
2024,10577,惠州学院,8,社会工作,历,517.0,516,29797.0,210,,,25.0,
2024,10577,惠州学院,15,审计学,历,538.0,509,33214.0,211,,,51.0,
2024,10577,惠州学院,14,财务管理,历,523.0,508,33936.0,211,,,50.0,
2024,10577,惠州学院,17,国际经济与贸易,历,525.0,505,35718.0,211,,,45.0,
2024,10577,惠州学院,13,旅游管理,历,512.0,504,36194.0,211,,,26.0,
2024,10577,惠州学院,16,物流管理,历,508.0,504,36281.0,211,,,45.0,
2024,10577,惠州学院,19,建筑学(5年),历,513.0,501,38512.0,212,,,11.0,
2024,10577,惠州学院,20,风景园林(5年),历,503.0,499,39284.0,212,,,10.0,
2024,10577,惠州学院,18,服装设计与工程,历,515.0,500,39010.0,213,,,30.0,
2024,10577,惠州学院,21,园林,历+生,505.0,500,38693.0,214,,,10.0,
2024,10577,惠州学院,93,学前教育(中外合作办学)(师范),历,491.0,431,93124.0,215,,,62.0,普师
2024,11838,贺州学院,1,小学教育(师范),历,499.0,497,40863.0,201,,,4.0,普师
2024,11838,贺州学院,3,旅游管理,历,496.0,496,41514.0,201,,,4.0,
2024,11838,贺州学院,2,商务英语,历,499.0,496,41514.0,201,,,4.0,
2024,11420,河北金融学院,1,国际经济与贸易,历,494.0,492,44103.0,201,,,3.0,
2024,11420,河北金融学院,3,电子商务,历,496.0,492,44103.0,201,,,3.0,
2024,11420,河北金融学院,2,金融学,历,515.0,488,46896.0,202,,,4.0,
2024,10547,邵阳学院,4,商务英语,历,498.0,495,42470.0,201,,,2.0,
2024,10547,邵阳学院,1,法学,历,513.0,508,34324.0,202,,,3.0,
2024,10547,邵阳学院,5,城乡规划(5年),历,501.0,501,38658.0,202,,,1.0,
2024,10547,邵阳学院,3,新闻学,历,508.0,498,40539.0,202,,,2.0,
2024,10547,邵阳学院,2,资产评估,历,495.0,493,43760.0,203,,,4.0,
2024,13811,琼台师范学院,2,英语(师范),历,503.0,501,38658.0,201,,,3.0,普师
2024,13811,琼台师范学院,3,汉语言文学(师范),历,510.0,507,34928.0,202,,,3.0,普师
2024,13811,琼台师范学院,1,学前教育(师范),历,507.0,503,37387.0,202,,,2.0,普师
2024,10668,贵州工程应用技术学院,2,英语(师范),历,497.0,493,43445.0,201,,,2.0,普师
2024,10668,贵州工程应用技术学院,1,汉语言文学(师范),历,505.0,500,38971.0,202,,,3.0,普师
2024,10668,贵州工程应用技术学院,4,特殊教育(师范),历,498.0,497,40863.0,202,,,2.0,普师
2024,10668,贵州工程应用技术学院,3,学前教育(师范),历,493.0,492,44103.0,203,,,2.0,普师
2024,10201,北华大学,4,英语(师范),历,500.0,500,38971.0,201,,,2.0,普师
2024,10201,北华大学,3,汉语言文学(师范),历,513.0,505,35825.0,202,,,5.0,普师
2024,10201,北华大学,2,小学教育(师范),历,504.0,504,36439.0,202,,,2.0,普师
2024,10201,北华大学,6,物流管理,历,523.0,502,37715.0,202,,,2.0,
2024,10201,北华大学,5,日语,历,504.0,498,40232.0,202,,,2.0,
2024,10599,右江民族医学院,1,翻译,历,494.0,494,42796.0,201,,,1.0,
2024,10599,右江民族医学院,2,护理学,历+生,510.0,510,32899.0,202,,,1.0,
2024,10240,哈尔滨商业大学,7,英语,历,,490,45473.0,201,,,4.0,
2024,10240,哈尔滨商业大学,8,商务英语,历,,490,45473.0,201,,,6.0,
2024,10240,哈尔滨商业大学,4,会计学,历,,513,31239.0,202,,,2.0,
2024,10240,哈尔滨商业大学,6,法学,历,,509,33471.0,202,,,4.0,
2024,10240,哈尔滨商业大学,9,新闻学,历,,504,36439.0,202,,,4.0,
2024,10240,哈尔滨商业大学,1,市场营销,历,,501,38351.0,202,,,2.0,
2024,10240,哈尔滨商业大学,2,人力资源管理,历,,501,38351.0,202,,,2.0,
2024,10240,哈尔滨商业大学,5,旅游管理,历,,500,38971.0,202,,,2.0,
2024,10240,哈尔滨商业大学,3,物流管理,历,,500,38971.0,202,,,2.0,
2024,11100,海南热带海洋学院,2,汉语言文学,历,504.0,502,38042.0,201,,,2.0,
2024,11100,海南热带海洋学院,3,汉语国际教育,历,502.0,500,39282.0,201,,,2.0,
2024,11100,海南热带海洋学院,4,秘书学,历,502.0,498,40539.0,201,,,2.0,
2024,11100,海南热带海洋学院,10,会展经济与管理,历,500.0,497,41185.0,201,,,2.0,
2024,11100,海南热带海洋学院,7,物流管理,历,499.0,497,41185.0,201,,,2.0,
2024,11100,海南热带海洋学院,8,电子商务,历,497.0,496,41841.0,201,,,2.0,
2024,11100,海南热带海洋学院,9,酒店管理,历,497.0,496,41841.0,201,,,2.0,
2024,11100,海南热带海洋学院,6,俄语,历,496.0,496,41841.0,201,,,2.0,
2024,11100,海南热带海洋学院,5,英语,历,504.0,500,39282.0,202,,,2.0,
2024,11100,海南热带海洋学院,11,市场营销(中外合作办学),历,487.0,486,48642.0,203,,,3.0,中外合作
2024,11100,海南热带海洋学院,12,旅游管理(中外合作办学),历,491.0,482,51470.0,203,,,4.0,中外合作
2024,10414,江西师范大学,1,马克思主义理论,历+政,574.0,574,7644.0,101,,,1.0,
2024,10414,江西师范大学,23,英语(师范),历,562.0,559,11614.0,201,,,4.0,普师
2024,10414,江西师范大学,25,汉语言文学(师范),历,581.0,562,10728.0,202,,,18.0,普师
2024,10414,江西师范大学,6,会计学,历,546.0,546,16081.0,202,,,1.0,
2024,10414,江西师范大学,24,汉语国际教育(师范),历,553.0,546,16081.0,202,,,4.0,普师
2024,10414,江西师范大学,15,历史学类,历,568.0,544,16857.0,202,,,6.0,历史学(师范)、文物与博物馆学
2024,10414,江西师范大学,13,小学教育(师范),历,553.0,542,17624.0,202,,,3.0,普师
2024,10414,江西师范大学,27,法学,历,562.0,539,18828.0,202,,,11.0,
2024,10414,江西师范大学,8,经济学,历,537.0,537,19663.0,202,,,1.0,
2024,10414,江西师范大学,16,旅游管理,历,536.0,536,20102.0,202,,,1.0,培养数智健康文旅人才
2024,10414,江西师范大学,20,国际经济与贸易,历,536.0,536,20102.0,202,,,1.0,培养数字贸易人才
2024,10414,江西师范大学,11,朝鲜语(朝英双语),历,540.0,535,20517.0,202,,,2.0,
2024,10414,江西师范大学,12,公共事业管理(师范),历,534.0,534,20923.0,202,,,1.0,普师
2024,10414,江西师范大学,17,文化产业管理,历,543.0,534,20923.0,202,,,2.0,培养文化策划与管理人才
2024,10414,江西师范大学,19,工商管理,历,535.0,533,21349.0,202,,,2.0,培养财税管理人才
2024,10414,江西师范大学,26,新闻传播学类,历,537.0,531,22221.0,202,,,5.0,广告学、新闻学、广播电视学
2024,10414,江西师范大学,7,金融学,历,533.0,531,22221.0,202,,,2.0,
2024,10414,江西师范大学,21,俄语(俄英双语),历,532.0,531,22221.0,202,,,2.0,
2024,10414,江西师范大学,22,法语(法英双语),历,533.0,530,22677.0,202,,,2.0,
2024,10414,江西师范大学,28,社会工作,历,537.0,530,22677.0,202,,,2.0,培养城乡治理人才
2024,10414,江西师范大学,9,建筑学(5年),历,530.0,530,22677.0,202,,,1.0,
2024,10414,江西师范大学,14,学前教育(师范),历,534.0,530,22677.0,202,,,2.0,普师
2024,10414,江西师范大学,10,地理科学类,历+地,571.0,555,12898.0,203,,,8.0,地理科学(师范)、地理信息科学
2024,10414,江西师范大学,18,思想政治教育(师范),历+政,582.0,577,6940.0,204,,,3.0,普师
2024,10977,六盘水师范学院,2,汉语言文学(师范),历,501.0,501,38351.0,201,,,2.0,普师
2024,10977,六盘水师范学院,1,小学教育(师范),历,500.0,498,40232.0,201,,,2.0,普师
2024,10977,六盘水师范学院,4,经济与金融,历,501.0,498,40232.0,201,,,2.0,
2024,10977,六盘水师范学院,3,旅游管理与服务教育,历,497.0,495,42156.0,201,,,2.0,
2024,10478,周口师范学院,1,财务管理,历,493.0,493,43445.0,201,,,3.0,
2024,10478,周口师范学院,2,国际经济与贸易,历,494.0,493,43445.0,201,,,2.0,
2024,10478,周口师范学院,3,英语(师范),历,494.0,493,43445.0,201,,,2.0,普师
2024,11330,安阳工学院,1,汉语国际教育,历,496.0,491,44775.0,201,,,3.0,
2024,14160,宿迁学院,7,汉语言文学,历,510.0,505,35825.0,201,,,2.0,
2024,14160,宿迁学院,1,电子商务,历,503.0,503,37073.0,201,,,1.0,
2024,14160,宿迁学院,5,会计学,历,503.0,503,37073.0,201,,,1.0,
2024,14160,宿迁学院,2,物流管理,历,499.0,499,39603.0,201,,,1.0,
2024,14160,宿迁学院,3,行政管理,历,497.0,497,40863.0,201,,,1.0,
2024,14160,宿迁学院,4,财务管理,历,497.0,497,40863.0,201,,,1.0,
2024,14160,宿迁学院,6,广告学,历,496.0,496,41514.0,201,,,1.0,
2024,10580,肇庆学院,46,会计学,历,524.0,502,37715.0,201,,,42.0,
2024,10580,肇庆学院,43,国际经济与贸易,历,503.0,500,38971.0,201,,,30.0,
2024,10580,肇庆学院,44,投资学,历,502.0,499,39603.0,201,,,30.0,
2024,10580,肇庆学院,45,电子商务,历,503.0,499,39603.0,201,,,30.0,
2024,10580,肇庆学院,47,法学,历,534.0,509,33471.0,202,,,90.0,
2024,10580,肇庆学院,48,知识产权,历,511.0,507,34627.0,202,,,20.0,
2024,10580,肇庆学院,49,行政管理,历,509.0,505,35825.0,202,,,38.0,
2024,10580,肇庆学院,61,旅游管理,历,507.0,505,35825.0,202,,,15.0,
2024,10580,肇庆学院,54,网络与新媒体,历,514.0,502,37715.0,203,,,30.0,
2024,10580,肇庆学院,55,广播电视学,历,506.0,500,38971.0,203,,,25.0,
2024,10580,肇庆学院,53,汉语言文学(师范),历,548.0,516,29606.0,204,,,207.0,普师
2024,10580,肇庆学院,51,小学教育(师范),历,524.0,511,32349.0,204,,,25.0,普师
2024,10580,肇庆学院,59,历史学(师范),历,529.0,511,32349.0,204,,,86.0,普师
2024,10580,肇庆学院,57,英语(师范),历,533.0,508,34052.0,204,,,135.0,普师
2024,10580,肇庆学院,56,日语,历,515.0,507,34627.0,204,,,40.0,
2024,10580,肇庆学院,58,商务英语,历,508.0,507,34627.0,204,,,45.0,
2024,10580,肇庆学院,52,应用心理学(师范),历,515.0,502,37715.0,205,,,22.0,普师
2024,10580,肇庆学院,50,学前教育(师范),历,505.0,501,38351.0,205,,,10.0,普师
2024,10580,肇庆学院,63,风景园林,历,508.0,501,38351.0,205,,,10.0,
2024,10580,肇庆学院,62,思想政治教育(师范),历+政,529.0,511,32349.0,206,,,109.0,普师
2024,10580,肇庆学院,60,地理科学(师范),历+地,536.0,506,35230.0,207,,,40.0,普师
2024,10733,甘肃农业大学,1,土地资源管理,历,497.0,495,42470.0,201,,,5.0,
2024,10733,甘肃农业大学,2,劳动与社会保障,历,495.0,493,43768.0,201,,,5.0,
2024,10733,甘肃农业大学,3,社会工作,历,496.0,493,43768.0,201,,,7.0,
2024,11393,昆明学院,4,英语(师范),历,519.0,510,32899.0,201,,,2.0,普师
2024,11393,昆明学院,1,学前教育(师范),历,495.0,494,42796.0,202,,,2.0,普师
2024,11393,昆明学院,3,数字人文,历,494.0,494,42796.0,202,,,1.0,
2024,11393,昆明学院,2,特殊教育(师范),历,493.0,493,43445.0,202,,,1.0,普师
2024,11393,昆明学院,5,酒店管理,历,493.0,493,43445.0,202,,,2.0,
2024,10669,凯里学院,1,思想政治教育(师范),历+政,503.0,499,39603.0,201,,,3.0,普师
2024,11261,吉林工商学院,1,税收学,历,493.0,493,43768.0,201,,,2.0,
2024,11261,吉林工商学院,5,财务管理,历,493.0,492,44437.0,201,,,2.0,
2024,11261,吉林工商学院,3,网络与新媒体,历,492.0,492,44437.0,201,,,2.0,
2024,11261,吉林工商学院,2,金融学,历,492.0,492,44437.0,201,,,1.0,
2024,11261,吉林工商学院,6,电子商务,历,492.0,492,44437.0,201,,,2.0,
2024,11261,吉林工商学院,4,会计学,历,492.0,492,44437.0,201,,,1.0,
2024,13774,豫章师范学院,2,特殊教育(师范),历,,497,40863.0,201,,,2.0,普师
2024,13774,豫章师范学院,3,财务管理,历,,496,41514.0,201,,,2.0,
2024,13774,豫章师范学院,1,学前教育(师范),历,,496,41514.0,202,,,2.0,普师
2024,13774,豫章师范学院,4,思想政治教育(师范),历+政,,505,35825.0,203,,,2.0,普师
2024,13434,赣南科技学院,2,会计学,历,,498,40539.0,201,,,2.0,
2024,13434,赣南科技学院,1,金融学,历,,494,43120.0,202,,,2.0,
2024,11068,郑州工程技术学院,4,国际经济与贸易,历,,494,42796.0,201,,,3.0,
2024,11068,郑州工程技术学院,6,商务英语,历,,493,43445.0,201,,,4.0,
2024,11068,郑州工程技术学院,3,特殊教育(师范),历,,493,43445.0,201,,,3.0,普师
2024,11068,郑州工程技术学院,5,旅游管理,历,,492,44103.0,201,,,3.0,
2024,10127,内蒙古科技大学,7,汉语言文学,历,509.0,507,34627.0,201,,,2.0,
2024,10127,内蒙古科技大学,4,法学,历,513.0,496,41514.0,201,,,2.0,
2024,10127,内蒙古科技大学,8,秘书学,历,498.0,495,42156.0,201,,,2.0,
2024,10127,内蒙古科技大学,3,国际经济与贸易,历,494.0,494,42796.0,201,,,2.0,
2024,10127,内蒙古科技大学,5,社会工作,历,494.0,494,42796.0,201,,,2.0,
2024,10127,内蒙古科技大学,9,市场营销,历,493.0,492,44103.0,201,,,3.0,
2024,10127,内蒙古科技大学,6,思想政治教育,历+政,498.0,495,42156.0,202,,,3.0,
2024,10895,萍乡学院,3,财务管理,历,496.0,495,42156.0,201,,,2.0,
2024,10895,萍乡学院,1,电子商务,历,495.0,494,42796.0,201,,,2.0,
2024,10895,萍乡学院,2,市场营销,历,495.0,494,42796.0,201,,,2.0,
2024,11230,齐齐哈尔医学院,2,社会工作,历,493.0,493,43445.0,201,,,1.0,
2024,11230,齐齐哈尔医学院,1,应用心理学,历,512.0,498,40232.0,202,,,2.0,
2024,11230,齐齐哈尔医学院,3,公共事业管理,历,492.0,492,44103.0,203,,,1.0,
2024,13684,珠海科技学院,102,汉语言文学,历,524.0,495,42125.0,207,,,128.0,
2024,13684,珠海科技学院,104,汉语国际教育,历,500.0,492,44074.0,207,,,38.0,
2024,13684,珠海科技学院,112,会计学,历,514.0,491,44454.0,207,,,186.0,
2024,13684,珠海科技学院,101,学前教育(师范),历,497.0,491,44646.0,207,,,32.0,普师
2024,13684,珠海科技学院,125,商务英语,历,499.0,491,44925.0,207,,,20.0,
2024,13684,珠海科技学院,122,英语,历,521.0,491,45004.0,207,,,70.0,
2024,13684,珠海科技学院,113,财务管理,历,510.0,490,45155.0,207,,,54.0,
2024,13684,珠海科技学院,103,广告学,历,516.0,490,45286.0,207,,,80.0,
2024,13684,珠海科技学院,111,人力资源管理,历,506.0,489,45865.0,207,,,42.0,
2024,13684,珠海科技学院,107,社会工作,历,496.0,489,46271.0,207,,,50.0,
2024,13684,珠海科技学院,109,工商管理,历,507.0,488,46682.0,207,,,42.0,
2024,13684,珠海科技学院,114,国际经济与贸易,历,511.0,488,46882.0,207,,,98.0,
2024,13684,珠海科技学院,108,健康服务与管理,历,499.0,488,46912.0,207,,,46.0,
2024,13684,珠海科技学院,116,投资学,历,491.0,488,47083.0,207,,,16.0,
2024,13684,珠海科技学院,105,行政管理,历,505.0,488,47192.0,207,,,80.0,
2024,13684,珠海科技学院,127,城乡规划(5年),历,496.0,488,47224.0,207,,,22.0,
2024,13684,珠海科技学院,124,朝鲜语,历,493.0,487,47344.0,207,,,35.0,
2024,13684,珠海科技学院,115,金融学,历,501.0,487,47475.0,207,,,174.0,
2024,13684,珠海科技学院,123,日语,历,496.0,487,47491.0,207,,,36.0,
2024,13684,珠海科技学院,121,会展经济与管理,历,493.0,487,47549.0,207,,,50.0,
2024,13684,珠海科技学院,126,建筑学(5年),历,499.0,487,47598.0,207,,,26.0,
2024,13684,珠海科技学院,119,旅游管理,历,495.0,487,47619.0,207,,,70.0,
2024,13684,珠海科技学院,110,市场营销,历,494.0,487,47626.0,207,,,46.0,
2024,13684,珠海科技学院,117,物流管理,历,500.0,487,47627.0,207,,,58.0,
2024,13684,珠海科技学院,106,劳动与社会保障,历,495.0,487,47641.0,207,,,45.0,
2024,13684,珠海科技学院,118,电子商务,历,515.0,487,47645.0,207,,,94.0,
2024,13684,珠海科技学院,120,酒店管理,历,490.0,487,47648.0,207,,,50.0,
2024,10465,中原工学院,1,法学,历,516.0,509,33471.0,201,,,2.0,
2024,10483,商丘师范学院,2,翻译,历,494.0,494,42796.0,201,,,1.0,
2024,10483,商丘师范学院,4,物流管理,历,494.0,494,42796.0,201,,,2.0,
2024,10483,商丘师范学院,3,社会工作,历,494.0,493,43445.0,201,,,2.0,
2024,10483,商丘师范学院,7,国际经济与贸易,历,493.0,493,43445.0,201,,,1.0,
2024,10483,商丘师范学院,5,经济学,历,493.0,493,43445.0,201,,,1.0,
2024,10483,商丘师范学院,6,财务管理,历,493.0,493,43445.0,201,,,1.0,
2024,10418,赣南师范大学,8,商务英语,历,531.0,520,27505.0,201,,,4.0,
2024,10418,赣南师范大学,4,汉语言文学(师范),历,548.0,531,22221.0,202,,,4.0,普师
2024,10418,赣南师范大学,3,历史学(师范),历,531.0,529,23156.0,202,,,4.0,普师
2024,10418,赣南师范大学,7,日语,历,531.0,525,25052.0,202,,,4.0,
2024,10418,赣南师范大学,6,法学,历,528.0,525,25052.0,202,,,4.0,
2024,10418,赣南师范大学,5,应用心理学(师范),历,531.0,522,26533.0,203,,,4.0,普师
2024,10418,赣南师范大学,12,国际经济与贸易,历,524.0,490,45473.0,204,,,4.0,
2024,10418,赣南师范大学,10,人文地理与城乡规划,历+地,521.0,518,28511.0,205,,,2.0,
2024,10418,赣南师范大学,11,地理信息科学,历+地,523.0,517,29045.0,205,,,2.0,
2024,10418,赣南师范大学,9,地理科学(师范),历+地,540.0,535,20517.0,206,,,4.0,普师
2024,10418,赣南师范大学,2,思想政治教育(师范),历+政,548.0,536,20102.0,207,,,5.0,普师
2024,10418,赣南师范大学,13,广播电视编导,历,518.0,498,40232.0,222,,,4.0,
2024,10919,平顶山学院,1,商务英语,历,490.0,490,45473.0,201,,,2.0,
2024,11656,广东石油化工学院,56,思想政治教育(师范),历+政,516.0,500,38962.0,209,,,113.0,普师
2024,11656,广东石油化工学院,57,汉语言文学(师范),历,523.0,504,36411.0,210,,,107.0,普师
2024,11656,广东石油化工学院,58,历史学(师范),历,508.0,501,38495.0,210,,,70.0,普师
2024,11656,广东石油化工学院,59,英语(师范),历,512.0,499,39355.0,210,,,133.0,普师
2024,11656,广东石油化工学院,60,学前教育(师范),历,500.0,496,41378.0,211,,,29.0,普师
2024,11656,广东石油化工学院,61,地理科学(师范),历+地,509.0,498,39972.0,212,,,52.0,普师
2024,11656,广东石油化工学院,62,法学,历,522.0,501,38560.0,213,,,79.0,
2024,11656,广东石油化工学院,63,会计学,历,520.0,499,39699.0,213,,,90.0,
2024,11656,广东石油化工学院,65,国际经济与贸易,历,507.0,497,40747.0,213,,,92.0,
2024,11656,广东石油化工学院,64,市场营销,历,501.0,497,40749.0,213,,,54.0,
2024,10222,佳木斯大学,2,英语(师范),历,498.0,492,44103.0,201,,,15.0,普师
2024,10222,佳木斯大学,1,汉语言文学(师范),历,518.0,500,38971.0,202,,,9.0,普师
2024,11242,太原学院,1,翻译,历,493.0,493,43445.0,201,,,1.0,
2024,11242,太原学院,3,市场营销,历,491.0,491,44775.0,202,,,1.0,
2024,11242,太原学院,4,酒店管理,历,489.0,489,46194.0,202,,,1.0,
2024,11242,太原学院,2,园林,历+生,495.0,495,42156.0,203,,,1.0,
2024,10739,天水师范学院,4,商务英语,历,493.0,492,44437.0,201,,,3.0,
2024,10739,天水师范学院,2,网络与新媒体,历,494.0,493,43768.0,202,,,3.0,
2024,10739,天水师范学院,5,地理科学(师范),历+地,498.0,496,41841.0,203,,,3.0,普师
2024,10739,天水师范学院,3,思想政治教育(师范),历+政,501.0,495,42470.0,204,,,2.0,普师
2024,10383,铜陵学院,1,资产评估,历,492.0,491,44775.0,201,,,4.0,
2024,10383,铜陵学院,3,金融学,历,494.0,491,44775.0,201,,,4.0,
2024,10383,铜陵学院,2,国际经济与贸易,历,493.0,490,45473.0,201,,,5.0,
2024,10467,河南科技学院,1,英语(师范),历,,493,43445.0,201,,,4.0,普师
2024,10467,河南科技学院,2,法学,历,,512,31780.0,202,,,3.0,
2024,14098,合肥师范学院,3,商务英语,历,504.0,494,42796.0,201,,,4.0,
2024,14098,合肥师范学院,4,西班牙语,历,517.0,491,44775.0,202,,,6.0,
2024,10578,韩山师范学院,1,思想政治教育(师范),历+政,528.0,513,31289.0,220,,,48.0,普师
2024,10578,韩山师范学院,2,地理科学(师范),历+地,526.0,505,35647.0,221,,,40.0,普师
2024,10578,韩山师范学院,3,汉语言文学(师范),历,545.0,512,31752.0,222,,,143.0,普师
2024,10578,韩山师范学院,7,小学教育(师范),历,524.0,506,35523.0,222,,,20.0,普师
2024,10578,韩山师范学院,5,历史学(师范),历,520.0,504,36173.0,222,,,157.0,普师
2024,10578,韩山师范学院,6,英语(师范),历,528.0,504,36456.0,222,,,66.0,普师
2024,10578,韩山师范学院,9,心理学(师范),历,524.0,503,37116.0,222,,,33.0,普师
2024,10578,韩山师范学院,8,学前教育(师范),历,505.0,503,37147.0,222,,,17.0,普师
2024,10578,韩山师范学院,4,汉语国际教育(师范),历,529.0,503,37157.0,222,,,57.0,普师
2024,10578,韩山师范学院,10,法学,历,520.0,503,37085.0,223,,,66.0,
2024,10578,韩山师范学院,14,商务英语,历,523.0,498,40534.0,223,,,37.0,
2024,10578,韩山师范学院,12,秘书学,历,510.0,497,40566.0,223,,,67.0,
2024,10578,韩山师范学院,13,日语,历,520.0,497,40684.0,223,,,22.0,
2024,10578,韩山师范学院,15,社会工作,历,512.0,497,40725.0,223,,,23.0,
2024,10578,韩山师范学院,11,网络与新媒体,历,527.0,497,40737.0,223,,,85.0,
2024,10578,韩山师范学院,21,审计学,历,509.0,498,40049.0,224,,,45.0,
2024,10578,韩山师范学院,18,财务管理,历,508.0,497,40622.0,224,,,50.0,
2024,10578,韩山师范学院,16,档案学,历,505.0,497,40866.0,224,,,46.0,
2024,10578,韩山师范学院,20,人力资源管理,历,502.0,496,41321.0,224,,,47.0,
2024,10578,韩山师范学院,22,经济学,历,504.0,496,41395.0,224,,,47.0,
2024,10578,韩山师范学院,17,旅游管理,历,500.0,496,41415.0,224,,,40.0,
2024,10578,韩山师范学院,19,投资学,历,499.0,496,41463.0,224,,,28.0,
2024,10578,韩山师范学院,23,网络与新媒体(应用技术类与广东科学技术职业学院协同培养),历,502.0,496,41758.0,225,,,25.0,“4+0”试点专业实验班
2024,10578,韩山师范学院,24,学前教育(中外合作办学),历,495.0,480,52807.0,226,,,45.0,普师
2024,10129,内蒙古农业大学,1,社会工作,历,496.0,493,43445.0,201,,,4.0,
2024,11326,信阳农林学院,1,商务英语,历,494.0,493,43445.0,201,,,3.0,
2024,11326,信阳农林学院,2,网络与新媒体,历+政,494.0,494,42796.0,202,,,2.0,
2024,10579,岭南师范学院,1,思想政治教育(师范),历+政,538.0,520,27691.0,201,,,132.0,普师
2024,10579,岭南师范学院,2,地理科学(师范),历+地,542.0,512,31795.0,202,,,117.0,普师
2024,10579,岭南师范学院,3,地理信息科学,历+地,535.0,510,32979.0,202,,,56.0,
2024,10579,岭南师范学院,4,英语(师范),历,540.0,512,31931.0,203,,,115.0,普师
2024,10579,岭南师范学院,5,商务英语,历,514.0,505,35864.0,203,,,57.0,
2024,10579,岭南师范学院,6,翻译,历,523.0,504,36756.0,203,,,43.0,
2024,10579,岭南师范学院,9,财务管理,历,515.0,503,37213.0,203,,,24.0,
2024,10579,岭南师范学院,8,工商管理,历,515.0,503,37307.0,203,,,23.0,
2024,10579,岭南师范学院,10,国际经济与贸易,历,509.0,502,37424.0,203,,,18.0,
2024,10579,岭南师范学院,7,日语,历,519.0,502,37441.0,203,,,48.0,
2024,10579,岭南师范学院,14,历史学(师范),历,541.0,512,31792.0,204,,,133.0,普师
2024,10579,岭南师范学院,13,法学,历,535.0,511,32527.0,204,,,140.0,
2024,10579,岭南师范学院,16,市场营销,历,510.0,509,33688.0,204,,,13.0,
2024,10579,岭南师范学院,11,心理学(师范),历,522.0,509,33758.0,204,,,50.0,普师
2024,10579,岭南师范学院,15,财务会计教育(师范),历,522.0,508,33882.0,204,,,20.0,普师
2024,10579,岭南师范学院,12,特殊教育(师范),历,523.0,508,33956.0,204,,,17.0,普师
2024,10579,岭南师范学院,17,电子商务,历,515.0,508,33964.0,204,,,9.0,
2024,10579,岭南师范学院,18,汉语言文学(师范),历,560.0,513,31089.0,205,,,401.0,普师
2024,10579,岭南师范学院,19,汉语国际教育(师范),历,526.0,504,36618.0,205,,,56.0,普师
2024,10579,岭南师范学院,20,网络与新媒体,历,528.0,503,36832.0,205,,,40.0,
2024,10579,岭南师范学院,21,新闻学,历,522.0,501,38063.0,205,,,49.0,
2024,10579,岭南师范学院,22,人力资源管理,历,528.0,501,38240.0,205,,,63.0,
2024,10579,岭南师范学院,24,行政管理,历,508.0,501,38256.0,205,,,35.0,
2024,10579,岭南师范学院,23,社会工作,历,512.0,501,38267.0,205,,,46.0,
2024,10579,岭南师范学院,25,翻译,历,520.0,500,38968.0,206,,,25.0,涉外法律翻译创新班
2024,10582,嘉应学院,110,地理科学(师范),历+地,524.0,500,38914.0,216,,,75.0,普师
2024,10582,嘉应学院,111,地理信息科学,历+地,515.0,497,40729.0,217,,,44.0,
2024,10582,嘉应学院,119,思想政治教育(师范),历+政,525.0,504,36153.0,218,,,83.0,普师
2024,10582,嘉应学院,104,园林,历+生,496.0,495,42326.0,219,,,7.0,
2024,10582,嘉应学院,124,护理学,历+生,522.0,493,43174.0,219,,,138.0,
2024,10582,嘉应学院,100,汉语言文学(师范),历,528.0,496,41218.0,220,,,236.0,普师
2024,10582,嘉应学院,120,小学教育(师范),历,515.0,495,42430.0,220,,,47.0,普师
2024,10582,嘉应学院,102,英语(师范),历,510.0,494,42512.0,220,,,97.0,普师
2024,10582,嘉应学院,123,科学教育(师范),历,499.0,494,42854.0,220,,,20.0,普师
2024,10582,嘉应学院,103,日语,历,503.0,494,42974.0,220,,,28.0,
2024,10582,嘉应学院,112,旅游管理,历,496.0,494,43032.0,220,,,19.0,
2024,10582,嘉应学院,101,新闻学,历,502.0,494,43033.0,220,,,82.0,
2024,10582,嘉应学院,105,法学,历,527.0,497,40864.0,221,,,56.0,
2024,10582,嘉应学院,109,历史学(师范),历,514.0,496,41573.0,221,,,73.0,普师
2024,10582,嘉应学院,113,财务管理,历,522.0,495,41991.0,221,,,45.0,
2024,10582,嘉应学院,116,国际经济与贸易,历,503.0,495,42267.0,221,,,27.0,
2024,10582,嘉应学院,106,公共事业管理,历,503.0,494,42525.0,221,,,26.0,
2024,10582,嘉应学院,114,工商管理,历,497.0,494,42532.0,221,,,26.0,
2024,10582,嘉应学院,118,资产评估,历,499.0,494,42547.0,221,,,14.0,
2024,10582,嘉应学院,117,市场营销,历,496.0,494,42550.0,221,,,27.0,
2024,10582,嘉应学院,108,社会工作,历,502.0,494,42567.0,221,,,48.0,
2024,10582,嘉应学院,121,心理学(师范),历,503.0,498,40159.0,222,,,17.0,普师
2024,10582,嘉应学院,122,学前教育(师范),历,502.0,497,40890.0,222,,,28.0,普师
2024,10582,嘉应学院,107,公共事业管理,历,495.0,485,48926.0,223,,,15.0,与澳大利亚科廷大学联合培养项目
2024,10582,嘉应学院,115,工商管理,历,499.0,485,49173.0,224,,,15.0,与澳大利亚科廷大学联合培养项目
2024,11765,河南城建学院,1,风景园林,历,490.0,489,46194.0,201,,,4.0,
2024,10232,齐齐哈尔大学,7,汉语言文学,历,499.0,499,39603.0,201,,,2.0,
2024,10232,齐齐哈尔大学,3,历史学(师范),历,499.0,498,40232.0,201,,,2.0,普师
2024,10232,齐齐哈尔大学,4,日语,历,495.0,494,42796.0,201,,,2.0,
2024,10232,齐齐哈尔大学,8,汉语国际教育,历,494.0,494,42796.0,201,,,2.0,
2024,10232,齐齐哈尔大学,5,国际经济与贸易,历,494.0,493,43445.0,201,,,3.0,
2024,10232,齐齐哈尔大学,9,戏剧影视文学,历,495.0,493,43445.0,201,,,3.0,
2024,10232,齐齐哈尔大学,10,广播电视学,历,493.0,493,43445.0,201,,,3.0,
2024,10232,齐齐哈尔大学,2,学前教育(师范),历,497.0,495,42156.0,202,,,2.0,普师
2024,10232,齐齐哈尔大学,11,应用心理学,历,495.0,493,43445.0,202,,,2.0,
2024,10232,齐齐哈尔大学,6,工商管理类,历,496.0,493,43445.0,203,,,3.0,工商管理、市场营销、财务管理
2024,10606,玉林师范学院,6,英语(师范),历,503.0,497,40863.0,201,,,6.0,普师
2024,10606,玉林师范学院,8,商务英语,历,497.0,495,42156.0,201,,,6.0,
2024,10606,玉林师范学院,9,商务英语(3+1),历,497.0,495,42156.0,201,,,6.0,
2024,10606,玉林师范学院,7,日语,历,495.0,494,42796.0,202,,,6.0,
2024,10606,玉林师范学院,1,汉语言文学(师范),历,515.0,504,36439.0,203,,,8.0,普师
2024,10606,玉林师范学院,10,小学教育(师范),历,505.0,498,40232.0,203,,,6.0,普师
2024,10606,玉林师范学院,2,汉语国际教育,历,504.0,496,41514.0,203,,,7.0,
2024,10606,玉林师范学院,3,广告学,历,502.0,496,41514.0,203,,,7.0,
2024,10606,玉林师范学院,4,行政管理,历,511.0,496,41514.0,203,,,6.0,
2024,10606,玉林师范学院,5,酒店管理,历,503.0,496,41514.0,203,,,7.0,
2024,10606,玉林师范学院,11,应用心理学(师范),历,497.0,496,41514.0,204,,,6.0,普师
2024,14623,滇西应用技术大学,1,物流管理,历,514.0,494,42796.0,201,,,2.0,
2024,14623,滇西应用技术大学,2,健康服务与管理,历,497.0,493,43445.0,201,,,2.0,
2024,10763,喀什大学,3,教育学(师范),历,,498,39925.0,201,,,1.0,普师
2024,10763,喀什大学,4,学前教育(师范),历,,493,43123.0,201,,,2.0,普师
2024,10763,喀什大学,5,汉语言文学(师范),历,,492,43773.0,201,,,3.0,普师
2024,10763,喀什大学,7,酒店管理,历,,492,43773.0,201,,,3.0,
2024,10763,喀什大学,6,地理科学(师范),历+地,,494,42472.0,202,,,2.0,普师
2024,10763,喀什大学,2,思想政治教育(师范),历+政,,495,41844.0,203,,,3.0,普师
2024,11336,荆楚理工学院,1,外国语言文学类,历,495.0,494,43120.0,201,,,3.0,英语(师范)、商务英语
2024,10166,沈阳师范大学,5,金融学(中外合作办学),历,,485,48972.0,201,,,4.0,中外合作
2024,11545,电子科技大学中山学院,35,法学,历,,486,47947.0,205,,,92.0,
2024,11545,电子科技大学中山学院,36,新闻学,历,,482,51042.0,205,,,84.0,
2024,11545,电子科技大学中山学院,31,财务管理,历,,480,52351.0,205,,,82.0,
2024,11545,电子科技大学中山学院,39,旅游管理,历,,480,52920.0,205,,,5.0,
2024,11545,电子科技大学中山学院,28,金融学,历,,479,53580.0,205,,,49.0,
2024,11545,电子科技大学中山学院,32,人力资源管理,历,,477,55011.0,205,,,89.0,
2024,11545,电子科技大学中山学院,37,行政管理,历,,476,55549.0,205,,,79.0,
2024,11545,电子科技大学中山学院,41,英语,历,,476,55677.0,205,,,171.0,
2024,11545,电子科技大学中山学院,42,日语,历,,475,56287.0,205,,,59.0,
2024,11545,电子科技大学中山学院,34,物流管理,历,,475,56288.0,205,,,44.0,
2024,11545,电子科技大学中山学院,29,国际经济与贸易,历,,475,56289.0,205,,,116.0,
2024,11545,电子科技大学中山学院,30,电子商务,历,,475,56339.0,205,,,120.0,
2024,11545,电子科技大学中山学院,38,会展经济与管理,历,,475,56349.0,205,,,55.0,
2024,11545,电子科技大学中山学院,33,工商管理,历,,475,56382.0,205,,,94.0,
2024,11545,电子科技大学中山学院,40,商务英语,历,,475,56386.0,205,,,124.0,
2024,10723,渭南师范学院,1,学前教育(中外合作办学)(师范),历,,482,50911.0,201,,,1.0,普师
2024,12048,南京特殊教育师范学院,5,手语翻译,历,,531,22221.0,201,,,1.0,
2024,12048,南京特殊教育师范学院,3,特殊教育(师范),历,,541,18017.0,202,,,2.0,普师
2024,12048,南京特殊教育师范学院,4,孤独症儿童教育(师范),历,,533,21349.0,202,,,2.0,普师
2024,12048,南京特殊教育师范学院,6,无障碍管理,历,,517,29045.0,203,,,1.0,
2024,13902,广州新华学院,1,汉语言文学,历,499.0,485,48755.0,201,,,100.0,
2024,13902,广州新华学院,6,法学,历,504.0,485,48795.0,201,,,100.0,
2024,13902,广州新华学院,14,会计学,历,497.0,481,51782.0,201,,,60.0,
2024,13902,广州新华学院,24,投资学,历,488.0,480,52384.0,201,,,10.0,
2024,13902,广州新华学院,11,供应链管理,历,488.0,480,52552.0,201,,,20.0,
2024,13902,广州新华学院,29,健康服务与管理,历,490.0,480,52574.0,201,,,10.0,
2024,13902,广州新华学院,4,葡萄牙语,历,482.0,479,53344.0,201,,,10.0,
2024,13902,广州新华学院,9,物流管理,历,485.0,479,53665.0,201,,,15.0,
2024,13902,广州新华学院,18,行政管理,历,494.0,479,53671.0,201,,,30.0,
2024,13902,广州新华学院,8,市场营销,历,486.0,479,53721.0,201,,,10.0,
2024,13902,广州新华学院,28,信息资源管理,历,490.0,478,53948.0,201,,,10.0,
2024,13902,广州新华学院,23,税收学,历,485.0,478,54021.0,201,,,30.0,
2024,13902,广州新华学院,21,国际经济与贸易,历,486.0,478,54069.0,201,,,20.0,
2024,13902,广州新华学院,20,社会工作,历,487.0,478,54108.0,201,,,25.0,
2024,13902,广州新华学院,5,西班牙语,历,500.0,478,54120.0,201,,,15.0,
2024,13902,广州新华学院,15,财务管理,历,486.0,478,54123.0,201,,,35.0,
2024,13902,广州新华学院,25,互联网金融,历,485.0,478,54144.0,201,,,10.0,
2024,13902,广州新华学院,26,传播学,历,487.0,478,54144.0,201,,,15.0,
2024,13902,广州新华学院,13,工商管理,历,485.0,478,54154.0,201,,,30.0,创新班
2024,13902,广州新华学院,22,经济学,历,487.0,478,54171.0,201,,,20.0,
2024,13902,广州新华学院,17,人力资源管理,历,494.0,478,54225.0,201,,,15.0,
2024,13902,广州新华学院,3,商务英语,历,486.0,478,54233.0,201,,,70.0,
2024,13902,广州新华学院,12,学前教育,历,485.0,478,54234.0,201,,,50.0,
2024,13902,广州新华学院,2,英语,历,492.0,478,54246.0,201,,,110.0,
2024,13902,广州新华学院,16,审计学,历,493.0,478,54255.0,201,,,30.0,
2024,13902,广州新华学院,19,公共关系学,历,486.0,478,54259.0,201,,,15.0,
2024,13902,广州新华学院,27,网络与新媒体,历,499.0,478,54266.0,201,,,60.0,
2024,13902,广州新华学院,10,电子商务,历,485.0,478,54281.0,201,,,35.0,
2024,13902,广州新华学院,7,工商管理,历,486.0,478,54286.0,201,,,35.0,
2024,13902,广州新华学院,31,自然地理与资源环境,历+地,490.0,483,50724.0,202,,,10.0,
2024,13902,广州新华学院,32,人文地理与城乡规划,历+地,487.0,477,55023.0,202,,,20.0,
2024,13902,广州新华学院,30,风景园林,历+地,485.0,477,55042.0,202,,,15.0,
2024,12574,广东东软学院,20,财务管理,历,,462,65868.0,219,,,41.0,
2024,12574,广东东软学院,22,工商管理,历,,456,70994.0,220,,,14.0,
2024,12574,广东东软学院,21,市场营销,历,,456,71088.0,220,,,20.0,
2024,12574,广东东软学院,23,健康服务与管理,历,,459,68700.0,221,,,20.0,
2024,12574,广东东软学院,24,物流管理,历,,457,69964.0,222,,,20.0,
2024,12574,广东东软学院,25,商务英语,历,,456,71511.0,223,,,41.0,
2024,12574,广东东软学院,26,日语,历,,452,74152.0,224,,,30.0,
2024,12059,广东培正学院,64,法学,历,490.0,476,55570.0,203,,,70.0,
2024,12059,广东培正学院,71,小学教育,历,492.0,467,62276.0,203,,,54.0,
2024,12059,广东培正学院,69,网络与新媒体,历,483.0,466,63061.0,203,,,42.0,
2024,12059,广东培正学院,67,应用心理学,历,492.0,465,63835.0,203,,,29.0,
2024,12059,广东培正学院,66,秘书学,历,483.0,463,65430.0,203,,,30.0,
2024,12059,广东培正学院,61,会计学,历,494.0,462,66232.0,203,,,128.0,
2024,12059,广东培正学院,68,汉语国际教育,历,487.0,459,68672.0,203,,,54.0,
2024,12059,广东培正学院,42,英语,历,483.0,457,70327.0,203,,,102.0,
2024,12059,广东培正学院,63,审计学,历,479.0,457,70327.0,203,,,60.0,
2024,12059,广东培正学院,65,广告学,历,475.0,457,70327.0,203,,,53.0,
2024,12059,广东培正学院,43,翻译,历,477.0,456,71159.0,203,,,45.0,
2024,12059,广东培正学院,44,日语,历,484.0,456,71159.0,203,,,37.0,
2024,12059,广东培正学院,45,商务英语,历,475.0,456,71159.0,203,,,55.0,
2024,12059,广东培正学院,46,西班牙语,历,475.0,456,71159.0,203,,,45.0,
2024,12059,广东培正学院,47,学前教育,历,489.0,456,71159.0,203,,,54.0,
2024,12059,广东培正学院,48,工商管理,历,478.0,456,71159.0,203,,,75.0,
2024,12059,广东培正学院,49,人力资源管理,历,474.0,456,71159.0,203,,,38.0,
2024,12059,广东培正学院,50,市场营销,历,474.0,456,71159.0,203,,,60.0,
2024,12059,广东培正学院,51,物流管理,历,474.0,456,71159.0,203,,,90.0,
2024,12059,广东培正学院,52,电子商务,历,472.0,456,71159.0,203,,,90.0,
2024,12059,广东培正学院,53,跨境电子商务,历,474.0,456,71159.0,203,,,57.0,
2024,12059,广东培正学院,54,行政管理,历,472.0,456,71159.0,203,,,33.0,
2024,12059,广东培正学院,55,旅游管理,历,473.0,456,71159.0,203,,,80.0,
2024,12059,广东培正学院,56,劳动与社会保障,历,479.0,456,71159.0,203,,,27.0,
2024,12059,广东培正学院,57,经济学,历,476.0,456,71159.0,203,,,60.0,
2024,12059,广东培正学院,58,投资学,历,472.0,456,71159.0,203,,,60.0,
2024,12059,广东培正学院,59,国际经济与贸易,历,476.0,456,71159.0,203,,,41.0,
2024,12059,广东培正学院,62,财务管理,历,478.0,456,71159.0,203,,,87.0,
2024,12059,广东培正学院,70,文化产业管理,历,475.0,456,71159.0,203,,,30.0,
2024,12059,广东培正学院,60,国际经济与贸易,历,461.0,442,83022.0,205,,,23.0,培养国际商务人才
2024,12618,广州软件学院,44,会计学,历,486.0,468,61255.0,210,,,75.0,
2024,12618,广州软件学院,33,网络与新媒体,历,486.0,468,61673.0,210,,,90.0,
2024,12618,广州软件学院,42,国际经济与贸易,历,475.0,464,64401.0,210,,,20.0,
2024,12618,广州软件学院,43,财务管理,历,492.0,464,64560.0,210,,,52.0,
2024,12618,广州软件学院,47,日语,历,474.0,464,64636.0,210,,,25.0,
2024,12618,广州软件学院,35,行政管理,历,484.0,464,64637.0,210,,,29.0,
2024,12618,广州软件学院,40,人力资源管理,历,473.0,464,64708.0,210,,,30.0,
2024,12618,广州软件学院,41,电子商务,历,472.0,464,64713.0,210,,,30.0,
2024,12618,广州软件学院,38,市场营销,历,479.0,464,64769.0,210,,,20.0,
2024,12618,广州软件学院,46,英语,历,489.0,464,64770.0,210,,,50.0,
2024,12618,广州软件学院,37,工商管理,历,486.0,464,64842.0,210,,,27.0,
2024,12618,广州软件学院,36,物流管理,历,480.0,464,64844.0,210,,,52.0,
2024,12618,广州软件学院,34,风景园林,历,478.0,458,69807.0,211,,,22.0,
2024,12618,广州软件学院,45,会计学,历,464.0,451,75009.0,212,,,7.0,国际班
2024,12618,广州软件学院,39,市场营销,历,457.0,449,77430.0,212,,,7.0,国际班
2024,13844,东莞城市学院,65,市场营销,历,450.0,447,78411.0,208,,,26.0,
2024,13844,东莞城市学院,66,工商管理,历,461.0,445,80380.0,208,,,31.0,
2024,13844,东莞城市学院,48,英语,历,476.0,444,81418.0,208,,,123.0,
2024,13844,东莞城市学院,61,行政管理,历,467.0,443,81856.0,208,,,69.0,
2024,13844,东莞城市学院,46,网络与新媒体,历,485.0,443,82028.0,208,,,184.0,
2024,13844,东莞城市学院,63,财务管理,历,471.0,443,82102.0,208,,,64.0,
2024,13844,东莞城市学院,53,金融学,历,473.0,443,82156.0,208,,,56.0,
2024,13844,东莞城市学院,59,电子商务,历,461.0,443,82194.0,208,,,55.0,
2024,13844,东莞城市学院,51,国际经济与贸易,历,458.0,443,82321.0,208,,,60.0,
2024,13844,东莞城市学院,79,社会工作,历,466.0,443,82327.0,208,,,65.0,
2024,13844,东莞城市学院,80,人力资源管理,历,458.0,443,82331.0,208,,,30.0,
2024,13844,东莞城市学院,47,商务英语,历,477.0,443,82580.0,208,,,131.0,
2024,13844,东莞城市学院,64,会计学,历,480.0,442,82598.0,208,,,95.0,
2024,13844,东莞城市学院,60,物流管理,历,466.0,442,82615.0,208,,,30.0,
2024,13844,东莞城市学院,49,汉语言文学,历,488.0,442,82642.0,208,,,263.0,
2024,13844,东莞城市学院,50,法学,历,490.0,442,82644.0,208,,,191.0,
2024,13844,东莞城市学院,84,小学教育,历,482.0,442,82646.0,208,,,130.0,
2024,13844,东莞城市学院,68,人文地理与城乡规划,历+地,480.0,439,85383.0,209,,,111.0,
2024,13844,东莞城市学院,93,会计学,历,446.0,429,94888.0,211,,,20.0,与美国内布拉斯加大学卡尼尔校区联合培养项目
2024,10822,广东白云学院,48,汉语言文学,历,496.0,473,58122.0,218,,,430.0,
2024,10822,广东白云学院,50,小学教育(师范),历,490.0,471,59251.0,219,,,120.0,普师
2024,10822,广东白云学院,49,学前教育(师范),历,486.0,471,59491.0,219,,,30.0,普师
2024,10822,广东白云学院,51,应用心理学,历,485.0,467,62086.0,220,,,102.0,
2024,10822,广东白云学院,52,建筑学(5年),历,481.0,453,73897.0,221,,,33.0,
2024,10822,广东白云学院,54,城乡规划(5年),历,469.0,452,74208.0,221,,,23.0,
2024,10822,广东白云学院,53,风景园林,历,471.0,452,74221.0,221,,,46.0,
2024,10822,广东白云学院,55,英语,历,488.0,459,68827.0,222,,,130.0,
2024,10822,广东白云学院,56,德语,历,472.0,456,71466.0,222,,,29.0,
2024,10822,广东白云学院,57,日语,历,489.0,456,71483.0,222,,,56.0,
2024,10822,广东白云学院,58,商务英语,历,479.0,456,71488.0,222,,,80.0,
2024,10822,广东白云学院,60,跨境电子商务,历,474.0,456,70979.0,223,,,42.0,
2024,10822,广东白云学院,61,市场营销,历,479.0,456,71006.0,223,,,20.0,
2024,10822,广东白云学院,62,社会工作,历,480.0,456,71030.0,223,,,71.0,
2024,10822,广东白云学院,59,工商管理,历,482.0,456,71214.0,223,,,58.0,
2024,10822,广东白云学院,63,物流管理,历,481.0,456,71221.0,223,,,43.0,
2024,10822,广东白云学院,64,人力资源管理,历,491.0,456,71245.0,223,,,62.0,
2024,10822,广东白云学院,65,国际经济与贸易,历,475.0,460,67767.0,224,,,41.0,
2024,10822,广东白云学院,66,金融学,历,494.0,460,67836.0,224,,,29.0,
2024,10822,广东白云学院,68,财务管理,历,493.0,460,67847.0,224,,,49.0,
2024,10822,广东白云学院,69,审计学,历,492.0,460,67942.0,224,,,63.0,
2024,10822,广东白云学院,67,会计学,历,486.0,460,68019.0,224,,,358.0,
2024,10822,广东白云学院,72,网络与新媒体,历,488.0,462,65899.0,225,,,60.0,
2024,10822,广东白云学院,71,广播电视编导,历,475.0,460,68023.0,225,,,40.0,
2024,10822,广东白云学院,70,工商管理,历,463.0,433,91134.0,226,,,71.0,与悉尼科技大学学分互认项目
2024,12621,广州华商学院,7,旅游管理,历,470.0,447,78714.0,201,,,20.0,
2024,12621,广州华商学院,1,会计学,历,481.0,445,79999.0,201,,,180.0,
2024,12621,广州华商学院,3,审计学,历,462.0,442,83350.0,201,,,40.0,
2024,12621,广州华商学院,6,物流管理,历,463.0,440,84563.0,201,,,30.0,
2024,12621,广州华商学院,2,财务管理,历,471.0,439,85337.0,201,,,40.0,
2024,12621,广州华商学院,12,国际商务,历,445.0,437,87198.0,201,,,20.0,
2024,12621,广州华商学院,4,税收学,历,459.0,437,87553.0,201,,,20.0,
2024,12621,广州华商学院,5,市场营销,历,458.0,436,88158.0,201,,,60.0,
2024,12621,广州华商学院,8,工商管理,历,465.0,436,88191.0,201,,,40.0,
2024,12621,广州华商学院,11,国际经济与贸易,历,457.0,436,88200.0,201,,,40.0,
2024,12621,广州华商学院,15,经济与金融,历,480.0,436,88242.0,201,,,30.0,
2024,12621,广州华商学院,13,跨境电子商务,历,456.0,436,88243.0,201,,,40.0,
2024,12621,广州华商学院,9,行政管理,历,464.0,436,88290.0,201,,,35.0,
2024,12621,广州华商学院,14,电子商务,历,457.0,436,88301.0,201,,,60.0,
2024,12621,广州华商学院,16,健康服务与管理,历,480.0,436,88303.0,201,,,45.0,
2024,12621,广州华商学院,10,人力资源管理,历,468.0,436,88311.0,201,,,30.0,
2024,12621,广州华商学院,17,医疗保险,历,477.0,436,88427.0,201,,,30.0,
2024,12621,广州华商学院,19,汉语言文学,历,486.0,446,79090.0,202,,,315.0,
2024,12621,广州华商学院,22,小学教育(师范),历,490.0,446,79476.0,202,,,160.0,普师
2024,12621,广州华商学院,21,学前教育(师范),历,479.0,441,83740.0,202,,,30.0,普师
2024,12621,广州华商学院,23,英语,历,484.0,441,83899.0,202,,,40.0,菁才班
2024,12621,广州华商学院,30,时尚传播,历,447.0,438,86126.0,202,,,30.0,
2024,12621,广州华商学院,20,汉语国际教育,历,457.0,438,86156.0,202,,,20.0,
2024,12621,广州华商学院,27,网络与新媒体,历,473.0,438,86181.0,202,,,60.0,
2024,12621,广州华商学院,25,日语,历,459.0,438,86346.0,202,,,50.0,
2024,12621,广州华商学院,28,新闻学,历,474.0,438,86481.0,202,,,40.0,
2024,12621,广州华商学院,26,翻译,历,444.0,438,86606.0,202,,,40.0,
2024,12621,广州华商学院,29,广告学,历,466.0,438,86917.0,202,,,50.0,
2024,12621,广州华商学院,24,英语,历,463.0,438,86973.0,202,,,105.0,
2024,12621,广州华商学院,18,汉语言文学,历,480.0,438,86974.0,202,,,100.0,菁才班
2024,12621,广州华商学院,31,会计学,历,474.0,449,76883.0,203,,,30.0,智能管理会计产业班
2024,12621,广州华商学院,35,学前教育(师范),历,443.0,440,84400.0,204,,,10.0,"普师,含粤港澳大湾区国际学校师资人才培养班、国际班"
2024,12621,广州华商学院,33,国际经济与贸易,历,454.0,432,92536.0,204,,,10.0,含国际经贸活动策划人才培养班、国际班
2024,12621,广州华商学院,36,市场营销,历,454.0,431,93029.0,204,,,10.0,含跨境营销人才培养班、国际班
2024,12621,广州华商学院,34,英语,历,435.0,430,94376.0,204,,,20.0,含涉外机构人才培养班、TE-SOL国际班
2024,12621,广州华商学院,32,会计学,历,442.0,428,95568.0,204,,,15.0,含ACCA 国际班、CPAA 国际班
2024,12621,广州华商学院,37,护理学,历+化,464.0,431,93358.0,205,,,5.0,
